AFI PCI  Vendor ID: 0x1d0f, Device ID 0xf000
File 0x1844010
File Len 956864
Write success
Loading code... Success
6 tiles, 12 cores each
Non spec 0
TQ Size 12 CQ Size 7
L2 banks: 1 Ready list size: 16
PCI latency 129 cycles
Spill Alloc 40000000 04000000
Setting Base Addresses
Setting Base Addresses
Setting Base Addresses
Setting Base Addresses
Setting Base Addresses
Setting Base Addresses
PCI latency 131 cycles
pc 0
app 5
APP_MAXFLOW
Starting SSSP
PCI latency 132 cycles
mask 7fff
Waiting until SSSP completes
pc 0
iters 49743
Tile 0 core state stats
 0:  39627585   39724117   39834677   39955226   40107932   40291249   40512390   40781847   41089101   41409371   41731202   42028668 
 1:      1102        986        915        978        900        846        799        752        701        674        612        582 
 2:     21921      19764      18502      19931      18521      17571      16783      16035      15137      14781      13725      13276 
 3:         0          0          0          2          3          3          1          1          0          2          1          1 
 4:         0          0          0          4         20         46         49          2          0          5          3          3 
 5:         0          0          0          6          6          6          2         39          0          4         11         10 
 6:     11381      10955      10738      10443      10024       9609       9065       8708       8409       7810       7559       7199 
 7:    118627     114998     112870     111137     106576     103691      98951      95956      93045      88502      86429      84242 
 8:     11256      10852      10632      10333       9930       9521       8966       8626       8319       7746       7481       7142 
 9:     93028      90833      89463      87953      84803      82365      78290      76021      74391      70211      68594      66755 
10:     11182      10792      10571      10250       9858       9453       8903       8563       8253       7692       7421       7082 
11:     11179      10784      10566      10243       9856       9444       8899       8553       8249       7684       7411       7079 
12:     11175      10778      10559      10236       9849       9435       8894       8544       8243       7676       7406       7076 
13:    264612     256770     252099     244798     236294     228900     217490     210434     206143     193841     188502     181243 
14:    124199     128109     137448     147049     159984     180296     203316     238832     286943     335636     406312     469122 
15:     58818      58981      57084      55362      53573      52155      50366      47224      43182      38635      32713      27095 
16:    468152     473003     459558     449928     439058     430282     418738     397148     368722     336327     290853     248967 
17:     58667      58855      56949      55213      53441      52055      50264      47102      43089      38541      32630      27029 
18:     64350      62507      60690      58305      55488      51845      47781      42394      36583      30920      24997      19622 
19:    548617     536275     523990     506624     485913     456452     424961     381248     333518     285895     235441     189848 
20:     71939      69829      67666      65172      61950      57987      53399      47401      40919      34466      27870      21803 
21:     71926      69820      67659      65166      61946      57983      53394      47395      40915      34466      27867      21799 
22:    547024     534626     522201     508214     487877     461928     430386     388360     339776     291812     241435     193247 
23:     71874      69778      67618      65122      61907      57952      53360      47364      40877      34434      27860      21792 
24:    545121     531890     519070     503308     483388     456979     425576     382873     335170     287327     235851     187821 
25:     71833      69738      67595      65092      61861      57924      53336      47344      40864      34415      27848      21786 
26:    553335     539136     525841     509941     487895     460721     427928     384645     335386     286483     235180     187009 
27:     71794      69701      67568      65078      61830      57898      53321      47330      40850      34408      27838      21778 
28:      7702       7434       7077       6950       6532       6212       5680       5044       4369       3577       2894       2199 
29:      7702       7434       7075       6950       6531       6212       5678       5044       4369       3576       2894       2199 
30:      7702       7434       7074       6950       6531       6211       5678       5044       4369       3576       2894       2199 
31:      7702       7566       7334       7285       6993       6760       6268       5670       5019       4121       3466       2670 
32:     53898      51935      49347      48469      45463      43189      39484      35038      30302      24893      20078      15323 
33:     64089      62266      60489      58127      55296      51685      47640      42284      36480      30830      24944      19578 
34:      3983       3882       3681       3508       3413       3091       2944       2729       2415       2154       1892       1425 
35:     27887      27181      25778      24605      23944      21697      20688      19179      16977      15152      13315      10036 
36:      3983       3882       3680       3508       3413       3091       2943       2731       2415       2154       1929       1425 
37:      6940       6823       6769       6630       6697       6418       5822       5382       4478       3531       2641       1894 
38:     53203      52802      52749      52039      53009      51454      47156      44012      37235      30202      23255      17389 
39:      6936       6821       6768       6630       6696       6418       5821       5381       4478       3530       2640       1892 
40:     54958      54176      54189      53413      54333      52686      48520      45420      38776      31215      24180      17565 
41:      6934       6818       6765       6628       6692       6417       5820       5380       4477       3529       2638       1892 
42:      6934       6817       6765       6628       6692       6416       5820       5380       4477       3529       2638       1892 
43:      6934       7011       7077       7117       7313       7213       6546       6156       5192       4102       3063       2225 
44:     48535      47546      47104      46009      46353      44279      40189      37074      30838      24298      18181      13006 
45:      6770       6628       6601       6474       6515       6271       5708       5269       4370       3466       2583       1853 
46:      8038       7598       7424       7110       7090       7145       6806       6621       6520       6219       6145       5838 
47:     77967      74711      73761      71556      70942      72957      70193      68424      67934      65273      65646      62976 
48:      8010       7573       7408       7101       7077       7132       6799       6616       6513       6208       6140       5827 
49:      1608       1641       1613       1603       1565       1517       1496       1473       1410       1407       1328       1332 
50:      1608       1657       1652       1658       1639       1569       1553       1540       1473       1462       1394       1410 
51:     11256      11463      11252      11195      10908      10608      10471      10278       9866       9863       9302       9300 
52:      1605       1636       1609       1602       1563       1517       1495       1470       1408       1406       1328       1329 
53:     20866      21231      20858      21362      20705      20156      20105      19899      19230      19258      18525      18715 
54:      1602       1632       1607       1602       1561       1513       1491       1467       1404       1405       1324       1326 
55:     38363      39022      38700      38362      38037      36775      36948      36520      35142      35219      33570      33775 
56:      8778       8898       8786       8761       8585       8301       8243       8092       7813       7775       7409       7371 
57:     78685      79534      79175      78858      77593      75561      75419      74509      72482      71637      69444      69201 
58:      8773       8890       8780       8757       8584       8296       8239       8087       7808       7772       7405       7370 
59:     95806      96756      96688      96985      95217      92268      92324      90861      88282      87993      84999      84758 
60:      8768       8885       8775       8753       8579       8290       8234       8086       7806       7769       7402       7368 
61:     82097      82865      82098      82063      81188      78421      78339      77427      75174      74909      71997      71689 
62:      8764       8879       8769       8747       8575       8288       8231       8081       7802       7767       7411       7365 
63:    148528     145951     141860     136937     132042     126391     119115     109614      98518      86485      73486      61117 
64:         0          0          0          0          0          0          0          0 -761032304 -761031792 -761031792 -761030768 
65:         0          0          0          0          0          0          0          0      32764      32764      32764      32764 
66:         0          0          0          0          0          0          0          0 2077753504 2077753504         12 2077753504 
67:         0          0          0          0          0          0          0          0      32691      32691          0      32691 
68:         0          0          0          0          0          0          0          0          0          0         -1          0 
69:         0          0          0          0          0          0          0          0      32764      32764          0      32764 
70:         0          0          0          0          0          0          0          0         -1         -1          0         -1 
71:         0          0          0          0          0          0          0          0         -1         -1          0         -1 
72:         0          0          0          0          0          0          0          0          0          0 -761031776          0 
73:         0          0          0          0          0          0          0          0         10         10      32764         10 
74:         0          0          0          0          0          0          0 2074320444          4          4 2074175596          4 
75:         0          0          0          0          0          0          0      32691          0          0      32691          0 
76:         0          0          0          0          0          0          0          3         32         32  805306416         32 
77:         0          0          0          0          0          0          0          0          0          0          0          0 
78:         0          0          0          0          0          0          0 2074320444          0          0         -1          0 
79:   4877026    4793038    4694989    4586820    4446617    4275772    4067124    3810176    3515305    3207655    2900230    2615137 
80:  44504611   44517155   44529666   44542046   44554549   44567021   44579514   44592023   44604406   44617026   44631432   44643805 
81:   1752779    1711848    1674662    1630498    1567147    1489249    1399325    1288748    1266835    1139458     980229     895794 
82:    241686     235719     230668     226358     217290     206809     197072 2074506067     172793     161703 2074327094     142550 
83:   1748435    1832423    1930472    2038641    2178844    2349689    2558337    2815285    3110156    3417806    3725231    4010324 
84:   2882561    2845471    2789659    2729964    2662180    2579714    2470727 -2071984639    2075677    1906494 -2072407093    1576793 
W0:  38658729   38765216   38887585   39023724   39190424   39392480   39639218   39943193   40297745   40661806   41032445   41369468 
W1:    150577     147776     143477     138456     133410     127682     120233     110626      99459      87351      74246      61834 
W2:    150577     147776     143477     138456     133410     127682     120233     110626      99459      87351      74246      61834 
W3:   4877026    4793038    4694989    4586820    4446617    4275772    4067124    3810176    3515305    3207655    2900230    2615137 
W4:      1103       1048       1008       1139       1048       1043       1026        998       1012        990        944        932 
W5:    177525     187929     198477     210526     227689     247505     270058     295653     316938     342816     366640     393595 
W6:    413726     401320     389662     374230     356755     333485     305333     270557     231375     192782     153245     117960 
W7:     75479      73183      71120      68825      65326      61503      56419      50323      43244      36404      29566      23175 
Tile 0 stats:
STAT_N_UNTIED_ENQ                1104
STAT_N_TIED_ENQ_ACK           1430545
STAT_N_TIED_ENQ_NACK                0
STAT_N_DEQ_TASK               1395127
STAT_N_SPLITTER_DEQ                 0
STAT_N_DEQ_MISMATCH             69554
STAT_N_CUT_TIES_MATCH          610803
STAT_N_CUT_TIES_MISMATCH       733505
STAT_N_CUT_TIES_COM_ABO         13474
STAT_N_COMMIT_TIED             746979
STAT_N_COMMIT_UNTIED           598433
STAT_N_COMMIT_MISMATCH              0
STAT_N_ABORT_CHILD_DEQ          16928
STAT_N_ABORT_CHILD_NOT_DEQ      69309
STAT_N_ABORT_CHILD_MISMATCH         0
STAT_N_ABORT_TASK               33431
STAT_N_COAL_CHILD                   0
STAT_N_OVERFLOW                     0
state:0    6640812    state:1          0    state:2          0    state:3          0    
state:4          0    state:5          0    state:6          0    state:7          0    
Heap enq: 1465080, deq+abort 1464436
Tied_Enq :1430545, 1430545
Cum Tasks:     19355 heap_util:     11731
avg Tasks:191.45 heap_util:116.04
heap enq:   780265 deq:   780265 replace:   684815
cycles deq_valid:  4241897
CQ stats 
state:0    4559052    state:1     262481    state:2      41654    state:3     131756    
state:4      21196    state:5    1604315    state:6          0    state:7          0    
aborts: resource:37957, gvt:0
cycles in aborts: resource:304681, gvt:0
stall cycles: cq_full:   350953, cc_full:  2031373, no_task:   853746
ttype:0 deq:   112231 commit:    97391
ttype:1 deq:   577327 commit:   552893
ttype:2 deq:   558762 commit:   551534
ttype:3 deq:    64089 commit:    63763
ttype:4 deq:    82718 commit:    79831
conflict none:0 bypass:0 miss:0 real:0
useful work:        2723392
aborted work:        261468
conflict checks:     262481
stall_cq:            350953
stall_no_core:      2240561
stall_no_task:       786606
cum commit_cycles:       50670596 cum_abort_cycles:        3101487
CQ occ (   3101487    3101487) , 59.918900
        num_enq   num_deq othercore   cq_full   no_task     what?  no_ready
 1:      146745    150577      3178     75603    206119         0    193538
 2:      144154    147776     20689     90349    242518         0    224427
 3:      140601    143477     41749    108292    286960         0    259440
 4:      136095    138456     66628    127670    335458         0    300485
 5:      131800    133410     97190    150660    397766         0    348914
 6:      126839    127682    135293    172619    475525         0    412132
 7:      120618    120233    184979    197389    565956         0    496389
 8:      114154    110626    248116    222022    680027         0    605229
 9:      106440     99459    327930    246163    817403         0    728399
10:       96525     87351    418216    261307    965257         0    850774
11:       87135     74246    515509    278658   1122000         0    961829
12:       77575     61834    613063    293784   1271391         0   1049232
cum CQ stall cycles 3107072
Completed, flushing cache..
num tasks Tile:0    1395127 Total:   8370762
Tile:0 L2 bank 0
	L2 Read  hits:  4067041 misses:     5836 
	L2 Write hits:  1014434 misses:        0 
	L2 Evictions :     1376 
	L2 hit-rate 99.89%
	retry:  stall:        0, not_empty:      616, count:      195
	stall_in     :       40
Task Unit Ops 2823808, num_edges 45658
FPGA cycles 6625461  (53.003688 ms) (4.749002 cycles/task/tile)
Read BW      42.28 MB/s
Write BW      9.97 MB/s
L2 Tag contention 76.87%
L2 accesses per task  3.65
Task Unit contention 42.62%
Flush completed, reading results..
node:8213 excess:6616133 height:  0
