AFI PCI  Vendor ID: 0x1d0f, Device ID 0xf000
File 0x207d010
File Len 956864
Write success
Loading code... Success
4 tiles, 14 cores each
Non spec 0
TQ Size 12 CQ Size 7
L2 banks: 1 Ready list size: 16
PCI latency 133 cycles
Spill Alloc 40000000 04000000
Setting Base Addresses
Setting Base Addresses
Setting Base Addresses
Setting Base Addresses
PCI latency 132 cycles
pc 0
app 5
APP_MAXFLOW
Starting SSSP
PCI latency 133 cycles
mask 1ffff
Waiting until SSSP completes
pc 0
iters 62095
Tile 0 core state stats
 0:  39973880   40074995   40206473   40355157   40525937   40740598   40989620   41304096   41635291   41996081   42394792   42758425   43098904   43395964 
 1:      1234       1172       1189       1055       1007        989        927        902        809        803        753        655        668        597 
 2:     25094      24202      24705      22243      21402      21176      20132      19918      18098      17998      17530      15421      16219      14984 
 3:         1          0          1          1          2          2          0          0          3          0          4          0          0          2 
 4:         3          0          2          2          4          4          0          0         61          0         41          0          0         11 
 5:         2          0          2          3          6          6          0          0          6          0         13          0          0          4 
 6:     13013      12789      12393      11813      11476      10946      10506      10059       9566       9421       8843       8451       8015       7394 
 7:    153898     152538     147077     142400     139203     134777     130031     124652     121408     119935     114252     110945     107255     104303 
 8:     12870      12663      12235      11687      11333      10837      10396       9940       9458       9324       8753       8377       7941       7313 
 9:    120750     120385     116581     112776     110085     105914     103197      99800      96331      96084      91776      89031      85850      80309 
10:     12780      12561      12145      11597      11257      10747      10324       9859       9386       9241       8679       8306       7883       7260 
11:     12775      12558      12140      11584      11247      10742      10315       9847       9376       9236       8672       8298       7876       7257 
12:     12764      12544      12129      11571      11228      10736      10308       9842       9364       9226       8656       8296       7870       7251 
13:    330547     327717     316454     303746     299465     289147     279790     268207     258288     259876     244321     237295     226863     209818 
14:    138938     148092     158154     170819     188925     213444     250259     297235     365334     446067     519193     604609     694335     747798 
15:     68843      67122      66213      65142      62594      60789      58329      55745      51358      45279      38958      31295      24735      19113 
16:    573264     563222     559263     553826     534598     523652     505828     488721     457104     411686     362508     302588     250517     204252 
17:     68702      66981      66083      65027      62489      60685      58225      55635      51278      45204      38882      31242      24677      19067 
18:     75981      74248      71881      69043      65766      61600      56532      50341      43977      36955      30213      23789      17739      13281 
19:    667500     655555     638824     618368     593316     560293     519490     468671     415860     356358     297745     241173     187040     147385 
20:     85444      83386      80716      77546      73820      69140      63608      56596      49389      41499      33837      26757      19905      14792 
21:     85435      83378      80706      77539      73816      69132      63603      56594      49382      41495      33832      26755      19904      14791 
22:    663747     653020     637680     618047     594512     563332     525247     475304     421505     361623     301689     244606     185711     142529 
23:     85371      83321      80648      77477      73770      69075      63558      56564      49348      41460      33805      26735      19891      14780 
24:    666646     652761     637820     617288     594007     562581     524709     474927     421313     360259     299463     242650     185117     141351 
25:     85331      83282      80605      77440      73731      69044      63522      56538      49324      41430      33792      26717      19876      14772 
26:    677083     663461     646562     625114     600260     567479     527229     476118     420473     358008     296685     239414     182019     138863 
27:     85294      83247      80567      77405      73704      69017      63492      56519      49306      41414      33779      26707      19863      14767 
28:      9621       9280       8961       8608       8140       7616       7161       6312       5462       4580       3655       2993       2190       1525 
29:      9621       9280       8961       8607       8140       7616       7160       6312       5462       4580       3655       2993       2190       1525 
30:      9620       9280       8961       8606       8140       7616       7158       6312       5462       4579       3655       2993       2190       1525 
31:      9619       9442       9278       9099       8686       8278       7888       7026       6175       5267       4232       3495       2600       1887 
32:     67312      64854      62517      59935      56672      52924      49758      43866      37898      31780      25416      20789      15282      10654 
33:     75670      73965      71604      68794      65561      61400      56329      50204      43843      36832      30124      23713      17673      13242 
34:      4388       4186       3971       3866       3696       3502       3232       2984       2658       2212       1984       1626       1261       1005 
35:     30723      29326      27826      27113      25947      24621      22710      20971      18703      15576      13954      11456       8882       7075 
36:      4388       4186       3971       3866       3696       3502       3232       2984       2658       2212       2059       1626       1390       1090 
37:      9073       8983       8833       8856       8755       8490       7898       7142       6036       4823       3601       2694       1891       1417 
38:     72191      71940      71547      72040      71507      70304      65844      60335      52206      43222      33404      25993      19496      15287 
39:      9071       8980       8831       8855       8755       8490       7897       7141       6034       4823       3599       2694       1891       1416 
40:     74628      74539      73488      73859      73599      72424      68094      62560      54490      45114      34904      26647      19230      15034 
41:      9070       8977       8830       8854       8753       8490       7894       7141       6034       4822       3596       2694       1891       1416 
42:      9070       8977       8830       8854       8753       8489       7894       7141       6034       4822       3596       2694       1891       1416 
43:      9068       9206       9299       9574       9617       9521       8902       8191       6987       5626       4183       3158       2195       1638 
44:     63480      62652      61406      61394      60590      58620      54524      49259      41571      33177      24765      18541      13037       9766 
45:      8429       8313       8180       8214       8073       7897       7339       6642       5645       4480       3333       2472       1765       1331 
46:     12215      11908      11791      11859      11617      11266      10941      10671      10677      10417       9914       9714       9666       9177 
47:    147602     145220     145444     147837     144835     142581     138980     135953     137350     137796     130579     130652     132248     126648 
48:     12196      11897      11772      11846      11606      11255      10930      10666      10675      10414       9905       9712       9663       9171 
49:      2491       2491       2450       2425       2421       2376       2381       2327       2294       2246       2217       2139       2096       2069 
50:      2490       2509       2542       2533       2560       2523       2535       2471       2458       2362       2361       2274       2238       2190 
51:     17439      17421      17077      16884      16838      16512      16553      16193      15964      15688      15483      14932      14615      14472 
52:      2489       2487       2449       2423       2420       2374       2380       2326       2293       2245       2216       2139       2094       2069 
53:     40532      40668      40223      39784      40393      39578      39926      39837      39377      38435      38319      37144      36730      36263 
54:      2487       2483       2446       2421       2416       2374       2378       2321       2292       2240       2211       2138       2091       2068 
55:     67849      68352      67175      66164      66938      66738      66454      66034      64830      64004      63417      61511      60870      60680 
56:     13577      13568      13425      13291      13294      13050      13113      12863      12687      12422      12251      11905      11620      11510 
57:    140458     140531     139568     138117     138441     137219     136756     135760     133781     131352     130824     127543     125586     124491 
58:     13573      13564      13420      13289      13290      13040      13108      12860      12684      12418      12247      11902      11618      11508 
59:    161837     161566     160205     159174     158680     157669     158331     155784     154962     151920     150616     148241     145133     144698 
60:     13570      13560      13414      13286      13284      13039      13104      12856      12676      12416      12244      11899      11616      11506 
61:    149857     149759     148506     147544     147783     145622     146418     144841     143430     140886     139876     136786     133733     132894 
62:     13567      13560      13413      13282      13281      13035      13099      12956      12672      12414      12242      11894      11612      11555 
63:    177994     173975     170017     165730     159262     152177     143331     133118     120837     106140      90826      75335      61420      49827 
64:         0          0          0          0          0          0          0          0         17         17         -1         17         -1          0 
65:         0          0          0          0          0          0          0          0          0          0          0          0          0          0 
66:         0          0          0          0          0          0          0          0          0         -1         -1          0         -1          0 
67:         0          0          0          0          0          0          0          0          0         -1         -1          0         -1          0 
68:         0          0          0          0          0          0          0          0 1175768112 1175768624         32 1175769648         32          0 
69:         0          0          0          0          0          0          0          0      32766      32766      32643      32766          0      32643 
70:         0          0          0          0          0          0          0          0 -623898259 -623898259         64 -623898259         64          0 
71:         0          0          0          0          0          0          0          0      32643      32643          0      32643          0          0 
72:         0          0          0          0          0          0          0          0 1175769408 1175769920 1175769920 1175770944 1175770944         64 
73:         0          0          0          0          0          0          0          0      32766      32766      32766      32766      32766      32643 
74:         0          0          0          0          0          0          0          0 -620269408 -620269408         12 -620269408         12 -620253088 
75:         0          0          0          0          0          0          0          0      32643      32643          0      32643          0      32643 
76:         0          0          0          0          0          0          0          0          0          0         -1          0         -1          1 
77:         0          0          0          0          0          0          0          0      32766      32766          0      32766          0          4 
78:         0          0          0          0          0          0          0          0         -1         -1          0         -1          0        256 
79:   6200575    6112090    5993406    5857442    5699462    5497514    5261189    4960894    4642402    4294223    3908137    3557243    3229363    2945089 
80:  46174455   46187085   46199879   46212599   46225399   46238112   46250809   46264990   46277693   46290304   46302929   46315668   46328267   46341053 
81:   2192126    2160290    2105886    2038608    1973269    1882378    1778884    1644470    1604038    1465480    1274948    1163802     954074     867335 
82:    348470     344643     334900     325875     319031     307612     294678     279197 -620003374 -620017107     240106 -620041361     216874 -620043057 
83:   2094518    2183003    2301687    2437651    2595631    2797579    3033904    3334199    3652691    4000870    4386956    4737850    5065730    5350004 
84:   3659979    3607157    3552620    3492959    3407162    3307524    3187627    3037227  623041738  622845850    2393083  622434802    2058415  622120811 
W0:  38816913   38929926   39072812   39236448   39429178   39665552   39948976   40305555   40695686   41125607   41579718   42004259   42407098   42729328 
W1:    180180     175924     171894     167376     160714     153554     144576     134262     121851     107101      91677      76064      62152      50468 
W2:    180180     175924     171894     167376     160714     153554     144576     134262     121851     107101      91677      76064      62152      50468 
W3:   6200575    6112090    5993406    5857442    5699462    5497514    5261189    4960894    4642402    4294223    3908137    3557243    3229363    2945089 
W4:      1241       1226       1266       1184       1156       1185       1170       1163       1099       1136       1022        992       1056        918 
W5:    211266     221346     235711     250867     266720     291033     315345     341239     359114     375333     405084     425519     437159     469442 
W6:    493614     481911     466415     448943     428239     401080     366861     326101     282544     235342     189203     146948     107214      78403 
W7:     90618      88873      86614      83097      79348      74774      68247      61647      53283      44594      36544      28711      22207      17070 
Tile 0 stats:
STAT_N_UNTIED_ENQ                2321
STAT_N_TIED_ENQ_ACK           1843377
STAT_N_TIED_ENQ_NACK                0
STAT_N_DEQ_TASK               1797793
STAT_N_SPLITTER_DEQ                 0
STAT_N_DEQ_MISMATCH             90976
STAT_N_CUT_TIES_MATCH          821873
STAT_N_CUT_TIES_MISMATCH       914290
STAT_N_CUT_TIES_COM_ABO         16763
STAT_N_COMMIT_TIED             931053
STAT_N_COMMIT_UNTIED           807431
STAT_N_COMMIT_MISMATCH              0
STAT_N_ABORT_CHILD_DEQ          16454
STAT_N_ABORT_CHILD_NOT_DEQ      90760
STAT_N_ABORT_CHILD_MISMATCH         0
STAT_N_ABORT_TASK               43478
STAT_N_COAL_CHILD                   0
STAT_N_OVERFLOW                     0
state:0    8299500    state:1          0    state:2          0    state:3          0    
state:4          0    state:5          0    state:6          0    state:7          0    
Heap enq: 1889176, deq+abort 1888553
Tied_Enq :1843377, 1843377
Cum Tasks:     40491 heap_util:     32072
avg Tasks:319.90 heap_util:253.39
heap enq:  1015130 deq:  1015130 replace:   874046
cycles deq_valid:  5455829
CQ stats 
state:0    5526125    state:1     311814    state:2      50879    state:3     187038    
state:4      29191    state:5    2170931    state:6          0    state:7          0    
aborts: resource:50992, gvt:0
cycles in aborts: resource:419089, gvt:0
stall cycles: cq_full:   462598, cc_full:  2512442, no_task:   852136
ttype:0 deq:   145104 commit:   122471
ttype:1 deq:   717176 commit:   692051
ttype:2 deq:   694970 commit:   686511
ttype:3 deq:    88553 commit:    88238
ttype:4 deq:   151990 commit:   149213
conflict none:0 bypass:0 miss:0 real:0
useful work:        3508630
aborted work:        354064
conflict checks:     311814
stall_cq:            462598
stall_no_core:      2885580
stall_no_task:       772407
cum commit_cycles:       72012942 cum_abort_cycles:        4013057
CQ occ (   4013057    4013057) , 61.924718
        num_enq   num_deq othercore   cq_full   no_task     what?  no_ready
 1:      172654    180180      4461     92431    239655         0    240622
 2:      169156    175924     26130    110015    273421         0    276495
 3:      165121    171894     52499    130171    320168         0    321377
 4:      160453    167376     83839    154015    373053         0    373259
 5:      155249    160714    122720    176155    440166         0    438381
 6:      149438    153554    169963    207634    521448         0    516356
 7:      143432    144576    230610    235246    623810         0    614421
 8:      136076    134262    308985    267369    752294         0    738463
 9:      126844    121851    405140    292352    901737         0    870128
10:      117359    107101    517533    315979   1074958         0   1007701
11:      105348     91677    642961    341729   1263909         0   1139906
12:       93554     76064    770117    363340   1451630         0   1246447
13:       82338     62152    894601    382139   1632021         0   1340835
14:       71985     50468   1000459    400673   1786873         0   1394404
cum CQ stall cycles 4765184
Completed, flushing cache..
num tasks Tile:0    1797793 Total:   7191172
Tile:0 L2 bank 0
	L2 Read  hits:  5364341 misses:     7358 
	L2 Write hits:  1313488 misses:        0 
	L2 Evictions :     2064 
	L2 hit-rate 99.89%
	retry:  stall:        0, not_empty:      667, count:       49
	stall_in     :      281
Task Unit Ops 3646800, num_edges 45658
FPGA cycles 8295093  (66.360744 ms) (4.614042 cycles/task/tile)
Read BW      28.38 MB/s
Write BW      7.96 MB/s
L2 Tag contention 80.68%
L2 accesses per task  3.72
Task Unit contention 43.96%
Flush completed, reading results..
node:8213 excess:6616133 height:  0
