AFI PCI  Vendor ID: 0x1d0f, Device ID 0xf000
File 0x676250
File Len 47057792
Write success
Loading code 0x676010
Loading code... Success
8 tiles, 8 cores each
Non spec 1
TQ Size 12 CQ Size 7
L2 banks: 1 Ready list size: 16
PCI latency 130 cycles
Spill Alloc 40000000 04000000
Setting Base Addresses
Setting Base Addresses
Setting Base Addresses
Setting Base Addresses
Setting Base Addresses
Setting Base Addresses
Setting Base Addresses
Setting Base Addresses
PCI latency 132 cycles
pc 80000000
app 4
APP_COLOR
Starting SSSP
PCI latency 132 cycles
mask 1fff
Waiting until SSSP completes
pc 800001c4
iters 77129
Tile 0 core state stats
 0:-2147483196          0          0          0          0          0          0          0 
 1:-2147483196          0          0          0          0          0          0          0 
 2:-2147483196          0          0          0          0          0          0          0 
 3:-2147483196          0          0          0          0          0          0          0 
 4:-2147483196          0          0          0          0          0          0          0 
 5:-2147483196          0          0          0          0          0          0          0 
 6:-2147483196          0          0          0          0          0          0          0 
 7:-2147483196          0          0          0          0          0          0          0 
 8:-2147483196          0          0          0          0          0          0          0 
 9:-2147483196          0          0          0          0          0          0          0 
10:-2147483196          0          0          0          0          0          0          0 
11:-2147483196          0          0          0          0          0          0          0 
12:-2147483196          0          0          0          0          0          0          0 
13:-2147483196          0          0          0          0          0          0          0 
14:-2147483196          0          0          0          0          0          0          0 
15:-2147483196          0          0          0          0          0          0          0 
16:-2147483196          0          0          0          0          0          0          0 
17:-2147483196          0          0          0          0          0          0          0 
18:-2147483196          0          0          0          0          0          0          0 
19:-2147483196          0          0          0          0          0          0          0 
20:-2147483196          0          0          0          0          0          0          0 
21:-2147483196          0          0          0          0          0          0          0 
22:-2147483196          0          0          0          0          0          0          0 
23:-2147483196          0          0          0          0          0          0          0 
24:-2147483196          0          0          0          0          0          0          0 
25:-2147483196          0          0          0          0          0          0          0 
26:-2147483196          0          0          0          0          0          0          0 
27:-2147483196          0          0          0          0          0          0          0 
28:-2147483196          0          0          0          0          0          0          0 
29:-2147483196          0          0          0          0          0          0          0 
30:-2147483196          0          0          0          0          0          0          0 
31:-2147483196          0          0          0          0          0          0          0 
32:-2147483196          0          0          0          0          0          0          0 
33:-2147483196          0          0          0          0          0          0          0 
34:-2147483196          0          0          0          0          0          0          0 
35:-2147483196          0          0          0          0          0          0          0 
36:-2147483196          0          0          0          0          0          0          0 
37:-2147483196          0          0          0          0          0          0          0 
38:-2147483196          0          0          0          0          0          0          0 
39:-2147483196          0          0          0          0          0          0          0 
40:-2147483196          0          0          0          0          0          0          0 
41:-2147483196          0          0          0          0          0          0          0 
42:-2147483196          0          0          0          0          0          0          0 
43:-2147483196          0          0          0          0          0          0          0 
44:-2147483196          0          0          0          0          0          0          0 
45:-2147483196          0          0          0          0          0          0          0 
46:-2147483196          0          0          0          0          0          0          0 
47:-2147483196          0          0          0          0          0          0          0 
48:-2147483196          0          0          0          0          0          0          0 
49:-2147483196          0          0          0          0          0          0          0 
50:-2147483196          0          0          0          0          0          0          0 
51:-2147483196          0          0          0          0          0          0          0 
52:-2147483196          0          0          0          0          0          0          0 
53:-2147483196          0          0          0          0          0          0          0 
54:-2147483196          0          0          0          0          0          0          0 
55:-2147483196          0          0          0          0          0          0          0 
56:-2147483196          0          0          0          0          0          0          0 
57:-2147483196          0          0          0          0          0          0          0 
58:-2147483196          0          0          0          0          0          0          0 
59:-2147483196          0          0          0          0          0          0          0 
60:-2147483196          0          0          0          0          0          0          0 
61:-2147483196          0          0          0          0          0          0          0 
62:-2147483196          0          0          0          0          0          0          0 
63:-2147483196          0          0          0          0          0          0          0 
64:         0          0          0          0          0          0          0          0 
65:         0          0          0          0          0          0          0          0 
66:         0          0          0          0          0          0          0 -1897025988 
67:         0          0          0          0          0          0          0      32631 
68:         0          0          0          0          0          0          0          3 
69:         0          0          0          0          0          0          0          0 
70:         0          0          0          0          0          0          0 -1897025988 
71:         0          0          0          0          0          0          0      32631 
72:         0          0          0          0          0          0          0          3 
73:         0          0          0          0          0          0          0          0 
74:         0          0          0          0          0          0          0 -1886009750 
75:         0          0          0          0          0          0          0      32631 
76:         0          0          0          0          0          0          0 -629241056 
77:         0          0          0          0          0          0          0      32767 
78:         0          0          0          0          0          0          0 -1886009750 
79:-2147455172          0          0          0          0          0          0          0 
80:     28928          0          0          0          0          0          0          0 
81:-2147477772          0          0          0          0          0          0      65262 
82:   -297104    -293430    -275800    -221132    -186776    -166043    -152147 -1886150949 
83:-2125890513   21621611   21621611   21621611   21621611   21621611   21621611   21621611 
84:    319704     293430     275800     221132     186776     166043     152147 1886085687 
W0:-2147483196          0          0          0          0          0          0          0 
W1:-2147483196          0          0          0          0          0          0          0 
W2:-2147483196          0          0          0          0          0          0          0 
W3:-2147483196          0          0          0          0          0          0          0 
W4:-2147483196          0          0          0          0          0          0          0 
W5:-2147483196          0          0          0          0          0          0          0 
W6:-2147483196          0          0          0          0          0          0          0 
W7:-2147483196          0          0          0          0          0          0          0 
Tile 0 stats:
STAT_N_UNTIED_ENQ              753298
STAT_N_DEQ_TASK                753298
STAT_N_COAL_CHILD                   0
STAT_N_OVERFLOW                     0
state:0   12168983    state:1          0    state:2          0    state:3          0    
state:4          0    state:5          0    state:6          0    state:7          0    
Heap enq: 753298, deq+abort 753298
Tied_Enq :0, 0
Cum Tasks:     38633 heap_util:     38449
avg Tasks:117.10 heap_util:116.54
heap enq:   516459 deq:   516459 replace:   236839
cycles deq_valid:  9663456
        num_enq   num_deq othercore   cq_full   no_task     what?  no_ready
 1:      300720     98996         0         0    809367         0         0
 2:      293430     96251      3401         0    911705         0         0
 3:      275800     99011      8359         0   1054200         0         0
 4:      221132     95152     16959         0   1267179         0         0
 5:      186776     92890     27989         0   1511716         0         0
 6:      166043     92841     39114         0   1698899         0         0
 7:      152147     89821     50300         0   1862545         0         0
 8:      141199     88336     61471         0   1997021         0         0
cum CQ stall cycles 0
Completed, flushing cache..
num tasks Tile:0     753298 Total:   6026384
Tile:0 L2 bank 0
	L2 Read  hits:  4997936 misses:  1088002 
	L2 Write hits:   963818 misses:    77894 
	L2 Evictions :   305999 
	L2 hit-rate 83.64%
	retry:  stall:        1, not_empty:  2201189, count:  1578011
	stall_in     :      771
Task Unit Ops 2490545, num_edges 5975248
FPGA cycles 21621611  (172.972888 ms) (28.702600 cycles/task/tile)
Read BW    3451.05 MB/s
Write BW    905.76 MB/s
L2 Tag contention 38.36%
L2 accesses per task  9.46
Task Unit contention 11.52%
Flush completed, reading results..
Total Errors 0 / 1157828
