AFI PCI  Vendor ID: 0x1d0f, Device ID 0xf000
File 0xe88250
File Len 113408512
Write success
Loading code 0xe88010
Loading code... Success
8 tiles, 8 cores each
Non spec 1
TQ Size 12 CQ Size 7
L2 banks: 1 Ready list size: 16
PCI latency 132 cycles
Spill Alloc 40000000 04000000
Setting Base Addresses
Setting Base Addresses
Setting Base Addresses
Setting Base Addresses
Setting Base Addresses
Setting Base Addresses
Setting Base Addresses
Setting Base Addresses
PCI latency 134 cycles
pc 80000000
app 1
APP_SSSP
Starting SSSP
PCI latency 131 cycles
mask 1fff
Waiting until SSSP completes
pc 80000120
iters 95729
Tile 0 core state stats
 0:-2147483360          0          0          0          0          0          0          0 
 1:-2147483360          0          0          0          0          0          0          0 
 2:-2147483360          0          0          0          0          0          0          0 
 3:-2147483360          0          0          0          0          0          0          0 
 4:-2147483360          0          0          0          0          0          0          0 
 5:-2147483360          0          0          0          0          0          0          0 
 6:-2147483360          0          0          0          0          0          0          0 
 7:-2147483360          0          0          0          0          0          0          0 
 8:-2147483360          0          0          0          0          0          0          0 
 9:-2147483360          0          0          0          0          0          0          0 
10:-2147483360          0          0          0          0          0          0          0 
11:-2147483360          0          0          0          0          0          0          0 
12:-2147483360          0          0          0          0          0          0          0 
13:-2147483360          0          0          0          0          0          0          0 
14:-2147483360          0          0          0          0          0          0          0 
15:-2147483360          0          0          0          0          0          0          0 
16:-2147483360          0          0          0          0          0          0          0 
17:-2147483360          0          0          0          0          0          0          0 
18:-2147483360          0          0          0          0          0          0          0 
19:-2147483360          0          0          0          0          0          0          0 
20:-2147483360          0          0          0          0          0          0          0 
21:-2147483360          0          0          0          0          0          0          0 
22:-2147483360          0          0          0          0          0          0          0 
23:-2147483360          0          0          0          0          0          0          0 
24:-2147483360          0          0          0          0          0          0          0 
25:-2147483360          0          0          0          0          0          0          0 
26:-2147483360          0          0          0          0          0          0          0 
27:-2147483360          0          0          0          0          0          0          0 
28:-2147483360          0          0          0          0          0          0          0 
29:-2147483360          0          0          0          0          0          0          0 
30:-2147483360          0          0          0          0          0          0          0 
31:-2147483360          0          0          0          0          0          0          0 
32:-2147483360          0          0          0          0          0          0          0 
33:-2147483360          0          0          0          0          0          0          0 
34:-2147483360          0          0          0          0          0          0          0 
35:-2147483360          0          0          0          0          0          0          0 
36:-2147483360          0          0          0          0          0          0          0 
37:-2147483360          0          0          0          0          0          0          0 
38:-2147483360          0          0          0          0          0          0          0 
39:-2147483360          0          0          0          0          0          0          0 
40:-2147483360          0          0          0          0          0          0          0 
41:-2147483360          0          0          0          0          0          0          0 
42:-2147483360          0          0          0          0          0          0          0 
43:-2147483360          0          0          0          0          0          0          0 
44:-2147483360          0          0          0          0          0          0          0 
45:-2147483360          0          0          0          0          0          0          0 
46:-2147483360          0          0          0          0          0          0          0 
47:-2147483360          0          0          0          0          0          0          0 
48:-2147483360          0          0          0          0          0          0          0 
49:-2147483360          0          0          0          0          0          0          0 
50:-2147483360          0          0          0          0          0          0          0 
51:-2147483360          0          0          0          0          0          0          0 
52:-2147483360          0          0          0          0          0          0          0 
53:-2147483360          0          0          0          0          0          0          0 
54:-2147483360          0          0          0          0          0          0          0 
55:-2147483360          0          0          0          0          0          0          0 
56:-2147483360          0          0          0          0          0          0          0 
57:-2147483360          0          0          0          0          0          0          0 
58:-2147483360          0          0          0          0          0          0          0 
59:-2147483360          0          0          0          0          0          0          0 
60:-2147483360          0          0          0          0          0          0          0 
61:-2147483360          0          0          0          0          0          0          0 
62:-2147483360          0          0          0          0          0          0          0 
63:-2147483360          0          0          0          0          0          0          0 
64:         0          0          0          0          0          0          0          0 
65:         0          0          0          0          0          0          0          0 
66:         0          0          0          0          0          0          0  834362940 
67:         0          0          0          0          0          0          0      32658 
68:         0          0          0          0          0          0          0          3 
69:         0          0          0          0          0          0          0          0 
70:         0          0          0          0          0          0          0  834362940 
71:         0          0          0          0          0          0          0      32658 
72:         0          0          0          0          0          0          0          3 
73:         0          0          0          0          0          0          0          0 
74:         0          0          0          0          0          0          0  845379178 
75:         0          0          0          0          0          0          0      32658 
76:         0          0          0          0          0          0          0  539780496 
77:         0          0          0          0          0          0          0      32767 
78:         0          0          0          0          0          0          0  845379178 
79:-2147465504          0          0          0          0          0          0          0 
80:     18432          0          0          0          0          0          0          0 
81:-2147479904          0          0          0          0          0          0      65316 
82:   -141302    -142296    -140835    -138756    -137550    -135775    -133456  845247286 
83:-2134764907   12736885   12736885   12736885   12736885   12736885   12736885   12736885 
84:    155702     142296     140835     138756     137550     135775     133456 -845312602 
W0:-2147483360          0          0          0          0          0          0          0 
W1:-2147483360          0          0          0          0          0          0          0 
W2:-2147483360          0          0          0          0          0          0          0 
W3:-2147483360          0          0          0          0          0          0          0 
W4:-2147483360          0          0          0          0          0          0          0 
W5:-2147483360          0          0          0          0          0          0          0 
W6:-2147483360          0          0          0          0          0          0          0 
W7:-2147483360          0          0          0          0          0          0          0 
Tile 0 stats:
STAT_N_UNTIED_ENQ             1103484
STAT_N_DEQ_TASK               1103484
STAT_N_COAL_CHILD                   0
STAT_N_OVERFLOW                     0
state:0   12756586    state:1          0    state:2          0    state:3          0    
state:4          0    state:5          0    state:6          0    state:7          0    
Heap enq: 1103484, deq+abort 1103484
Tied_Enq :0, 0
Cum Tasks:     54995 heap_util:     54911
avg Tasks:282.97 heap_util:282.54
heap enq:   912923 deq:   912923 replace:   190561
cycles deq_valid:  3232986
        num_enq   num_deq othercore   cq_full   no_task     what?  no_ready
 1:      143606    144558         0         0   1341970         0         0
 2:      142296    142791     13138         0   1434193         0         0
 3:      140835    140500     26616         0   1519401         0         0
 4:      138756    139061     40903         0   1609813         0         0
 5:      137550    137134     54995         0   1689511         0         0
 6:      135775    135025     69585         0   1777721         0         0
 7:      133456    133363     84187         0   1866709         0         0
 8:      131892    131052     98247         0   1944027         0         0
cum CQ stall cycles 0
Completed, flushing cache..
num tasks Tile:0    1103484 Total:   8827872
Tile:0 L2 bank 0
	L2 Read  hits:  5010416 misses:   310748 
	L2 Write hits:   452527 misses:       16 
	L2 Evictions :    49960 
	L2 hit-rate 94.62%
	retry:  stall:        0, not_empty:    40531, count:    23128
	stall_in     :      427
Task Unit Ops 2207650, num_edges 8778114
FPGA cycles 12736885  (101.895080 ms) (11.542428 cycles/task/tile)
Read BW    1561.52 MB/s
Write BW    251.04 MB/s
L2 Tag contention 47.77%
L2 accesses per task  5.23
Task Unit contention 17.33%
Flush completed, reading results..
vid:3598622 dist:5269491, ref:5269491, MATCH, num_errors: 0
Total Errors 0 / 3598623
