AFI PCI  Vendor ID: 0x1d0f, Device ID 0xf000
File 0x21b3250
File Len 47057792
Write success
Loading code 0x21b3010
Loading code... Success
8 tiles, 8 cores each
Non spec 1
TQ Size 12 CQ Size 7
L2 banks: 1 Ready list size: 16
PCI latency 132 cycles
Spill Alloc 40000000 04000000
Setting Base Addresses
Setting Base Addresses
Setting Base Addresses
Setting Base Addresses
Setting Base Addresses
Setting Base Addresses
Setting Base Addresses
Setting Base Addresses
PCI latency 133 cycles
pc 80000000
app 4
APP_COLOR
Starting SSSP
PCI latency 131 cycles
mask 7fff
Waiting until SSSP completes
pc 800001c4
iters 134664
Tile 0 core state stats
 0:-2147483196          0          0          0          0          0          0          0 
 1:-2147483196          0          0          0          0          0          0          0 
 2:-2147483196          0          0          0          0          0          0          0 
 3:-2147483196          0          0          0          0          0          0          0 
 4:-2147483196          0          0          0          0          0          0          0 
 5:-2147483196          0          0          0          0          0          0          0 
 6:-2147483196          0          0          0          0          0          0          0 
 7:-2147483196          0          0          0          0          0          0          0 
 8:-2147483196          0          0          0          0          0          0          0 
 9:-2147483196          0          0          0          0          0          0          0 
10:-2147483196          0          0          0          0          0          0          0 
11:-2147483196          0          0          0          0          0          0          0 
12:-2147483196          0          0          0          0          0          0          0 
13:-2147483196          0          0          0          0          0          0          0 
14:-2147483196          0          0          0          0          0          0          0 
15:-2147483196          0          0          0          0          0          0          0 
16:-2147483196          0          0          0          0          0          0          0 
17:-2147483196          0          0          0          0          0          0          0 
18:-2147483196          0          0          0          0          0          0          0 
19:-2147483196          0          0          0          0          0          0          0 
20:-2147483196          0          0          0          0          0          0          0 
21:-2147483196          0          0          0          0          0          0          0 
22:-2147483196          0          0          0          0          0          0          0 
23:-2147483196          0          0          0          0          0          0          0 
24:-2147483196          0          0          0          0          0          0          0 
25:-2147483196          0          0          0          0          0          0          0 
26:-2147483196          0          0          0          0          0          0          0 
27:-2147483196          0          0          0          0          0          0          0 
28:-2147483196          0          0          0          0          0          0          0 
29:-2147483196          0          0          0          0          0          0          0 
30:-2147483196          0          0          0          0          0          0          0 
31:-2147483196          0          0          0          0          0          0          0 
32:-2147483196          0          0          0          0          0          0          0 
33:-2147483196          0          0          0          0          0          0          0 
34:-2147483196          0          0          0          0          0          0          0 
35:-2147483196          0          0          0          0          0          0          0 
36:-2147483196          0          0          0          0          0          0          0 
37:-2147483196          0          0          0          0          0          0          0 
38:-2147483196          0          0          0          0          0          0          0 
39:-2147483196          0          0          0          0          0          0          0 
40:-2147483196          0          0          0          0          0          0          0 
41:-2147483196          0          0          0          0          0          0          0 
42:-2147483196          0          0          0          0          0          0          0 
43:-2147483196          0          0          0          0          0          0          0 
44:-2147483196          0          0          0          0          0          0          0 
45:-2147483196          0          0          0          0          0          0          0 
46:-2147483196          0          0          0          0          0          0          0 
47:-2147483196          0          0          0          0          0          0          0 
48:-2147483196          0          0          0          0          0          0          0 
49:-2147483196          0          0          0          0          0          0          0 
50:-2147483196          0          0          0          0          0          0          0 
51:-2147483196          0          0          0          0          0          0          0 
52:-2147483196          0          0          0          0          0          0          0 
53:-2147483196          0          0          0          0          0          0          0 
54:-2147483196          0          0          0          0          0          0          0 
55:-2147483196          0          0          0          0          0          0          0 
56:-2147483196          0          0          0          0          0          0          0 
57:-2147483196          0          0          0          0          0          0          0 
58:-2147483196          0          0          0          0          0          0          0 
59:-2147483196          0          0          0          0          0          0          0 
60:-2147483196          0          0          0          0          0          0          0 
61:-2147483196          0          0          0          0          0          0          0 
62:-2147483196          0          0          0          0          0          0          0 
63:-2147483196          0          0          0          0          0          0          0 
64:         0          0          0          0          0          0          0          0 
65:         0          0          0          0          0          0          0          0 
66:         0          0          0          0          0          0          0 -1087652292 
67:         0          0          0          0          0          0          0      32598 
68:         0          0          0          0          0          0          0          3 
69:         0          0          0          0          0          0          0          0 
70:         0          0          0          0          0          0          0 -1087652292 
71:         0          0          0          0          0          0          0      32598 
72:         0          0          0          0          0          0          0          3 
73:         0          0          0          0          0          0          0          0 
74:         0          0          0          0          0          0          0 -1076636054 
75:         0          0          0          0          0          0          0      32598 
76:         0          0          0          0          0          0          0  170616400 
77:         0          0          0          0          0          0          0      32765 
78:         0          0          0          0          0          0          0 -1076636054 
79:-2147455172          0          0          0          0          0          0          0 
80:     28928          0          0          0          0          0          0          0 
81:-2147477772          0          0          0          0          0          0      65196 
82:   -318003    -311081    -298779    -286091    -273222    -269610    -262079 -1076890977 
83:-2109041524   38470600   38470600   38470600   38470600   38470600   38470600   38470600 
84:    340603     311081     298779     286091     273222     269610     262079 1076825781 
W0:-2147483196          0          0          0          0          0          0          0 
W1:-2147483196          0          0          0          0          0          0          0 
W2:-2147483196          0          0          0          0          0          0          0 
W3:-2147483196          0          0          0          0          0          0          0 
W4:-2147483196          0          0          0          0          0          0          0 
W5:-2147483196          0          0          0          0          0          0          0 
W6:-2147483196          0          0          0          0          0          0          0 
W7:-2147483196          0          0          0          0          0          0          0 
Tile 0 stats:
STAT_N_UNTIED_ENQ             1436436
STAT_N_DEQ_TASK               1436436
STAT_N_COAL_CHILD                   0
STAT_N_OVERFLOW                     0
state:0   24111546    state:1          0    state:2          0    state:3          0    
state:4          0    state:5          0    state:6          0    state:7          0    
Heap enq: 1436436, deq+abort 1436436
Tied_Enq :0, 0
Cum Tasks:    135636 heap_util:    135267
avg Tasks:231.06 heap_util:230.43
heap enq:   992782 deq:   992782 replace:   443654
cycles deq_valid: 19454143
        num_enq   num_deq othercore   cq_full   no_task     what?  no_ready
 1:      321619    179562         0         0    815998         0         0
 2:      311081    180582      2718         0    888439         0         0
 3:      298779    180229      6195         0    952933         0         0
 4:      286091    178997     10403         0   1031686         0         0
 5:      273222    179352     15362         0   1118475         0         0
 6:      269610    179145     20931         0   1204964         0         0
 7:      262079    179611     27183         0   1293007         0         0
 8:      254923    178958     33848         0   1364996         0         0
cum CQ stall cycles 0
Completed, flushing cache..
num tasks Tile:0    1436436 Total:   5745744
Tile:0 L2 bank 0
	L2 Read  hits: 10131297 misses:  2112838 
	L2 Write hits:  1919104 misses:   157206 
	L2 Evictions :   616222 
	L2 hit-rate 84.15%
	retry:  stall:        1, not_empty:  3698939, count:  2515651
	stall_in     :      330
Task Unit Ops 3713840, num_edges 5975248
FPGA cycles 38470600  (307.764800 ms) (26.781980 cycles/task/tile)
Read BW    1888.23 MB/s
Write BW    512.58 MB/s
L2 Tag contention 43.13%
L2 accesses per task  9.97
Task Unit contention  9.65%
Flush completed, reading results..
Total Errors 0 / 1157828
