AFI PCI  Vendor ID: 0x1d0f, Device ID 0xf000
File 0x125d250
File Len 754035136
Write success
Loading code 0x125d010
Loading code... Success
8 tiles, 8 cores each
Non spec 1
TQ Size 12 CQ Size 7
L2 banks: 1 Ready list size: 16
PCI latency 131 cycles
Spill Alloc 40000000 04000000
Setting Base Addresses
Setting Base Addresses
Setting Base Addresses
Setting Base Addresses
Setting Base Addresses
Setting Base Addresses
Setting Base Addresses
Setting Base Addresses
PCI latency 131 cycles
pc 80000000
app 1
APP_SSSP
Starting SSSP
PCI latency 132 cycles
mask 1fff
Waiting until SSSP completes
pc 800000e4
iters 643594
Tile 0 core state stats
 0:-2147483420          0          0          0          0          0          0          0 
 1:-2147483420          0          0          0          0          0          0          0 
 2:-2147483420          0          0          0          0          0          0          0 
 3:-2147483420          0          0          0          0          0          0          0 
 4:-2147483420          0          0          0          0          0          0          0 
 5:-2147483420          0          0          0          0          0          0          0 
 6:-2147483420          0          0          0          0          0          0          0 
 7:-2147483420          0          0          0          0          0          0          0 
 8:-2147483420          0          0          0          0          0          0          0 
 9:-2147483420          0          0          0          0          0          0          0 
10:-2147483420          0          0          0          0          0          0          0 
11:-2147483420          0          0          0          0          0          0          0 
12:-2147483420          0          0          0          0          0          0          0 
13:-2147483420          0          0          0          0          0          0          0 
14:-2147483420          0          0          0          0          0          0          0 
15:-2147483420          0          0          0          0          0          0          0 
16:-2147483420          0          0          0          0          0          0          0 
17:-2147483420          0          0          0          0          0          0          0 
18:-2147483420          0          0          0          0          0          0          0 
19:-2147483420          0          0          0          0          0          0          0 
20:-2147483420          0          0          0          0          0          0          0 
21:-2147483420          0          0          0          0          0          0          0 
22:-2147483420          0          0          0          0          0          0          0 
23:-2147483420          0          0          0          0          0          0          0 
24:-2147483420          0          0          0          0          0          0          0 
25:-2147483420          0          0          0          0          0          0          0 
26:-2147483420          0          0          0          0          0          0          0 
27:-2147483420          0          0          0          0          0          0          0 
28:-2147483420          0          0          0          0          0          0          0 
29:-2147483420          0          0          0          0          0          0          0 
30:-2147483420          0          0          0          0          0          0          0 
31:-2147483420          0          0          0          0          0          0          0 
32:-2147483420          0          0          0          0          0          0          0 
33:-2147483420          0          0          0          0          0          0          0 
34:-2147483420          0          0          0          0          0          0          0 
35:-2147483420          0          0          0          0          0          0          0 
36:-2147483420          0          0          0          0          0          0          0 
37:-2147483420          0          0          0          0          0          0          0 
38:-2147483420          0          0          0          0          0          0          0 
39:-2147483420          0          0          0          0          0          0          0 
40:-2147483420          0          0          0          0          0          0          0 
41:-2147483420          0          0          0          0          0          0          0 
42:-2147483420          0          0          0          0          0          0          0 
43:-2147483420          0          0          0          0          0          0          0 
44:-2147483420          0          0          0          0          0          0          0 
45:-2147483420          0          0          0          0          0          0          0 
46:-2147483420          0          0          0          0          0          0          0 
47:-2147483420          0          0          0          0          0          0          0 
48:-2147483420          0          0          0          0          0          0          0 
49:-2147483420          0          0          0          0          0          0          0 
50:-2147483420          0          0          0          0          0          0          0 
51:-2147483420          0          0          0          0          0          0          0 
52:-2147483420          0          0          0          0          0          0          0 
53:-2147483420          0          0          0          0          0          0          0 
54:-2147483420          0          0          0          0          0          0          0 
55:-2147483420          0          0          0          0          0          0          0 
56:-2147483420          0          0          0          0          0          0          0 
57:-2147483420          0          0          0          0          0          0          0 
58:-2147483420          0          0          0          0          0          0          0 
59:-2147483420          0          0          0          0          0          0          0 
60:-2147483420          0          0          0          0          0          0          0 
61:-2147483420          0          0          0          0          0          0          0 
62:-2147483420          0          0          0          0          0          0          0 
63:-2147483420          0          0          0          0          0          0          0 
64:         0          0          0          0          0          0          0          0 
65:         0          0          0          0          0          0          0          0 
66:         0          0          0          0          0          0          0 -1927414212 
67:         0          0          0          0          0          0          0      32761 
68:         0          0          0          0          0          0          0          3 
69:         0          0          0          0          0          0          0          0 
70:         0          0          0          0          0          0          0 -1927414212 
71:         0          0          0          0          0          0          0      32761 
72:         0          0          0          0          0          0          0          3 
73:         0          0          0          0          0          0          0          0 
74:         0          0          0          0          0          0          0 -1916397974 
75:         0          0          0          0          0          0          0      32761 
76:         0          0          0          0          0          0          0  -51402768 
77:         0          0          0          0          0          0          0      32767 
78:         0          0          0          0          0          0          0 -1916397974 
79:-2147469284          0          0          0          0          0          0          0 
80:     14592          0          0          0          0          0          0          0 
81:-2147480684          0          0          0          0          0          0      65522 
82:   -938209    -934472    -928016    -921739    -914637    -907334    -899117 -1917286289 
83:-2062367681   85130331   85130331   85130331   85130331   85130331   85130331   85130331 
84:    949609     934472     928016     921739     914637     907334     899117 1917220767 
W0:-2147483420          0          0          0          0          0          0          0 
W1:-2147483420          0          0          0          0          0          0          0 
W2:-2147483420          0          0          0          0          0          0          0 
W3:-2147483420          0          0          0          0          0          0          0 
W4:-2147483420          0          0          0          0          0          0          0 
W5:-2147483420          0          0          0          0          0          0          0 
W6:-2147483420          0          0          0          0          0          0          0 
W7:-2147483420          0          0          0          0          0          0          0 
Tile 0 stats:
STAT_N_UNTIED_ENQ             7325017
STAT_N_DEQ_TASK               7325017
STAT_N_COAL_CHILD                   0
STAT_N_OVERFLOW                     0
state:0   85149689    state:1          0    state:2          0    state:3          0    
state:4          0    state:5          0    state:6          0    state:7          0    
Heap enq: 7325017, deq+abort 7325017
Tied_Enq :0, 0
Cum Tasks:    931195 heap_util:    930566
avg Tasks:716.86 heap_util:716.38
heap enq:  6073303 deq:  6073303 replace:  1251714
cycles deq_valid: 25835594
        num_enq   num_deq othercore   cq_full   no_task     what?  no_ready
 1:      940033    939064         0         0   4282686         0         0
 2:      934472    936555     54228         0   4564254         0         0
 3:      928016    927738    110754         0   4833290         0         0
 4:      921739    920613    169248         0   5105090         0         0
 5:      914637    914725    229770         0   5405210         0         0
 6:      907334    904515    290602         0   5691841         0         0
 7:      899117    895482    353947         0   6016249         0         0
 8:      888315    886325    420556         0   6368556         0         0
cum CQ stall cycles 0
Completed, flushing cache..
num tasks Tile:0    7325017 Total:  58600136
Tile:0 L2 bank 0
	L2 Read  hits: 32541710 misses:  2798640 
	L2 Write hits:  3006926 misses:      198 
	L2 Evictions :   583825 
	L2 hit-rate 92.70%
	retry:  stall:        0, not_empty:   197284, count:   112225
	stall_in     :      467
Task Unit Ops 14658680, num_edges 58333344
FPGA cycles 85130331  (681.042648 ms) (11.621861 cycles/task/tile)
Read BW    2104.13 MB/s
Write BW    438.91 MB/s
L2 Tag contention 48.33%
L2 accesses per task  5.24
Task Unit contention 17.22%
Flush completed, reading results..
vid:23947346 dist:23228284, ref:23228284, MATCH, num_errors: 0
Total Errors 0 / 23947347
