AFI PCI  Vendor ID: 0x1d0f, Device ID 0xf000
File 0x1a70010
File Len 754035136
Write success
Loading code... Success
8 tiles, 12 cores each
Non spec 0
TQ Size 12 CQ Size 6
L2 banks: 1 Ready list size: 8
PCI latency 135 cycles
Spill Alloc 40000000 04000000
Setting Base Addresses
Setting Base Addresses
Setting Base Addresses
Setting Base Addresses
Setting Base Addresses
Setting Base Addresses
Setting Base Addresses
Setting Base Addresses
PCI latency 130 cycles
pc 0
app 1
APP_SSSP
Starting SSSP
PCI latency 131 cycles
mask 7fff
Waiting until SSSP completes
pc 0
iters 471416
Tile 0 core state stats
 0:  52486270   53230089   53986378   54714916   55445597   56235017   57078522   58106582   59345501   60595015   62065897   63641874 
 1:      8424       4526       3224       2674       2370       2240       2063       1961       1952       1808       1800       1658 
 2:     62445      34207      24739      20471      18845      18027      16981      16941      16941      16098      16438      16023 
 3:      8235       4438       3168       2643       2338       2209       2048       1952       1933       1795       1783       1639 
 4:     59217      32984      24058      20927      19201      18622      17788      17173      17461      16236      16069      14847 
 5:      8099       4380       3126       2622       2325       2190       2036       1944       1926       1782       1773       1625 
 6:     62457      35379      25908      22126      19917      19042      17545      16813      16655      15502      15192      14139 
 7:   1411814    1373856    1343236    1312706    1283085    1252143    1220645    1180400    1141015    1093869    1045473     992553 
 8:  14117418   13876567   13637891   13389032   13210729   13005680   12772453   12503265   12187541   11817620   11420741   10967445 
 9:    567642     557539     548451     538348     526641     515147     502754     486761     470306     452239     432336     410605 
10:  10594891   10516663   10370847   10240881   10098175    9929948    9752381    9518122    9225238    8920577    8571886    8169788 
11:    566204     556515     547591     537601     525982     514463     502105     486174     469702     451706     431813     410103 
12:  17004112   16772938   16516421   16262000   15946843   15621558   15276628   14865984   14344338   13888855   13286087   12695078 
13:   1499683    1503877    1512326    1523195    1529706    1539106    1555252    1567936    1583548    1610312    1637121    1673014 
14:       322        201        251        142        489        194        337        197         11        202        115        267 
15:   1404143    1369754    1340334    1310287    1280948    1250094    1218767    1178613    1139241    1092232    1043837     991038 
16:         0          0          0          0          0          0          0          0          0          0          0          0 
17:         0          0          0          0          0          0          0          0          0          0          0          0 
18:         0          0          0          0          0          0          0          0          0          0          0          0 
19:         0          0          0          0          0          0          0          0          0          0          0          0 
20:         0          0          0          0          0          0          0          0          0          0          0          0 
21:         0          0          0          0          0          0          0          0          0          0          0          0 
22:         0          0          0          0          0          0          0          0          0          0          0          0 
23:         0          0          0          0          0          0          0          0          0          0          0          0 
24:         0          0          0          0          0          0          0          0          0          0          0          0 
25:         0          0          0          0          0          0          0          0          0          0          0          0 
26:         0          0          0          0          0          0          0          0          0          0          0          0 
27:         0          0          0          0          0          0          0          0          0          0          0          0 
28:         0          0          0          0          0          0          0          0          0          0          0          0 
29:         0          0          0          0          0          0          0          0          0          0          0          0 
30:         0          0          0          0          0          0          0          0          0          0          0          0 
31:         0          0          0          0          0          0          0          0          0          0          0          0 
32:         0          0          0          0          0          0          0          0          0          0          0          0 
33:         0          0          0          0          0          0          0          0          0          0          0          0 
34:         0          0          0          0          0          0          0          0          0          0          0          0 
35:         0          0          0          0          0          0          0          0          0          0          0          0 
36:         0          0          0          0          0          0          0          0          0          0          0          0 
37:         0          0          0          0          0          0          0          0          0          0          0          0 
38:         0          0          0          0          0          0          0          0          0          0          0          0 
39:         0          0          0          0          0          0          0          0          0          0          0          0 
40:         0          0          0          0          0          0          0          0          0          0          0          0 
41:         0          0          0          0          0          0          0          0          0          0          0          0 
42:         0          0          0          0          0          0          0          0          0          0          0          0 
43:         0          0          0          0          0          0          0          0          0          0          0          0 
44:         0          0          0          0          0          0          0          0          0          0          0          0 
45:         0          0          0          0          0          0          0          0          0          0          0          0 
46:         0          0          0          0          0          0          0          0          0          0          0          0 
47:         0          0          0          0          0          0          0          0          0          0          0          0 
48:         0          0          0          0          0          0          0          0          0          0          0          0 
49:         0          0          0          0          0          0          0          0          0          0          0          0 
50:         0          0          0          0          0          0          0          0          0          0          0          0 
51:         0          0          0          0          0          0          0          0          0          0          0          0 
52:         0          0          0          0          0          0          0          0          0          0          0          0 
53:         0          0          0          0          0          0          0          0          0          0          0          0 
54:         0          0          0          0          0          0          0          0          0          0          0          0 
55:         0          0          0          0          0          0          0          0          0          0          0          0 
56:         0          0          0          0          0          0          0          0          0          0          0          0 
57:         0          0          0          0          0          0          0          0          0          0          0          0 
58:         0          0          0          0          0          0          0          0          0          0          0          0 
59:         0          0          0          0          0          0          0          0          0          0          0          0 
60:         0          0          0          0          0          0          0          0          0          0          0          0 
61:         0          0          0          0          0          0          0          0          0          0          0          0 
62:         0          0          0          0          0          0          0          0          0          0          0          0 
63:         0          0          0          0          0          0          0          0          0          0          0          0 
64:         0          0          0          0          0          0          0          0 -104366752 -104366240 -104366240 -104365216 
65:         0          0          0          0          0          0          0          0      32767      32767      32767      32767 
66:         0          0          0          0          0          0          0          0  572977312  572977312         12  572977312 
67:         0          0          0          0          0          0          0          0      32713      32713          0      32713 
68:         0          0          0          0          0          0          0          0          0          0         -1          0 
69:         0          0          0          0          0          0          0          0      32767      32767          0      32767 
70:         0          0          0          0          0          0          0          0         -1         -1          0         -1 
71:         0          0          0          0          0          0          0          0         -1         -1          0         -1 
72:         0          0          0          0          0          0          0          0          0          0 -104366224          0 
73:         0          0          0          0          0          0          0          0         10         10      32767         10 
74:         0          0          0          0          0          0          0  569544252          4          4  569399404          4 
75:         0          0          0          0          0          0          0      32713          0          0      32713          0 
76:         0          0          0          0          0          0          0          3         32         32  805306416         32 
77:         0          0          0          0          0          0          0          0          0          0          0          0 
78:         0          0          0          0          0          0          0  569544252          0          0         -1          0 
79:  47375106   46643824   45901571   45185655   44467594   43690663   42859783   41844236   40617808   39380833   37922464   36359822 
80:  99861376   99873913   99887949   99900571   99913191   99925680   99938305   99950818   99963309   99975848   99988361  100001696 
81:   2695974    2652138    2633107    2619615    2601174    2586743    2577092    2557812    2638753    2628611    2583242    2608001 
82:    107232      61499      41647      29215      25570      21622      17755  569560206      16548      10339  569411493      10481 
83:  14604321   15335603   16077856   16793772   17511833   18288764   19119644   20135191   21361619   22598594   24056963   25619605 
84:  44571900   43930187   43226817   42536825   41840850   41082298   40264936 -530273782   37962507   36741883 -534072271   33741340 
W0:  48076448   48916771   49732737   50511037   51282694   52115843   52995962   54086407   55379044   56703309   58243046   59900919 
W1:   1412445    1374172    1343454    1312843    1283203    1252240    1220723    1180455    1141088    1093930    1045530     992622 
W2:   1412445    1374172    1343454    1312843    1283203    1252240    1220723    1180455    1141088    1093930    1045530     992622 
W3:  47375106   46643824   45901571   45185655   44467594   43690663   42859783   41844236   40617808   39380833   37922464   36359822 
W4:      8279       4524       3270       2772       2505       2436       2256       2200       2224       2135       2155       2124 
W5:   1508240    1512876    1527908    1544081    1564491    1586340    1613057    1632923    1659985    1681386    1708693    1733858 
W6:      9567       5377       3964       3313       2900       2840       2627       2500       2393       2204       2208       2137 
W7:     58977      42328      31723      28159      26733      23210      23304      21773      19811      18253      18867      17723 
Tile 0 stats:
STAT_N_UNTIED_ENQ              288177
STAT_N_TIED_ENQ_ACK          14307146
STAT_N_TIED_ENQ_NACK                0
STAT_N_DEQ_TASK              14652705
STAT_N_SPLITTER_DEQ                 0
STAT_N_DEQ_MISMATCH             13389
STAT_N_CUT_TIES_MATCH        14274553
STAT_N_CUT_TIES_MISMATCH        18606
STAT_N_CUT_TIES_COM_ABO           572
STAT_N_COMMIT_TIED              19180
STAT_N_COMMIT_UNTIED         14562157
STAT_N_COMMIT_MISMATCH              0
STAT_N_ABORT_CHILD_DEQ            610
STAT_N_ABORT_CHILD_NOT_DEQ      13376
STAT_N_ABORT_CHILD_MISMATCH         0
STAT_N_ABORT_TASK               70802
STAT_N_COAL_CHILD                   0
STAT_N_OVERFLOW                     0
state:0   62001239    state:1          0    state:2          0    state:3          0    
state:4          0    state:5          0    state:6          0    state:7          0    
Heap enq: 14666125, deq+abort 14666081
Tied_Enq :14307146, 14307147
Cum Tasks:   1471468 heap_util:   1414763
avg Tasks:1555.91 heap_util:1495.95
heap enq:  7488853 deq:  7488853 replace:  7177272
cycles deq_valid: 42150618
CQ stats 
state:0   46473164    state:1     479631    state:2       8147    state:3     266960    
state:4      21921    state:5   14729122    state:6          0    state:7          0    
aborts: resource:75839, gvt:0
cycles in aborts: resource:732321, gvt:0
stall cycles: cq_full: 20321079, cc_full:  8723265, no_task:  2783526
ttype:0 deq: 14652705 commit: 14581337
ttype:1 deq:        0 commit:        0
ttype:2 deq:        0 commit:        0
ttype:3 deq:        0 commit:        0
ttype:4 deq:        0 commit:        0
conflict none:0 bypass:0 miss:0 real:0
useful work:       29163806
aborted work:        438632
conflict checks:     479631
stall_cq:          20321079
stall_no_core:      8799682
stall_no_task:      2776597
cum commit_cycles:      544935096 cum_abort_cycles:        1341416
        num_enq   num_deq othercore   cq_full   no_task     what?  no_ready
 1:     1375138   1412445      9998   6219265   1138315         0      2017
 2:     1352116   1374172    210531   6633958   1427007         0      2431
 3:     1330623   1343454    422663   6987918   1724025         0      2686
 4:     1308239   1312843    649963   7292807   2018414         0      3008
 5:     1279757   1283203    892912   7567128   2318813         0      3656
 6:     1251753   1252240   1164814   7847756   2648350         0      4175
 7:     1222471   1220723   1475039   8107213   3008363         0      5010
 8:     1183203   1180455   1861404   8432513   3454773         0      5402
 9:     1143052   1141088   2314961   8813997   3977316         0      6697
10:     1100818   1093930   2816306   9148830   4546628         0      7249
11:     1050349   1045530   3374281   9574825   5185711         0      8220
12:      997840    992622   3980838  10020972   5881481         0     10101
cum CQ stall cycles 124219648
Completed, flushing cache..
num tasks Tile:0   14652705 Total:  29305410
Tile:0 L2 bank 0
	L2 Read  hits: 24983563 misses:  4684053 
	L2 Write hits:  6030067 misses:      120 
	L2 Evictions :   758517 
	L2 hit-rate 86.88%
	retry:  stall:        0, not_empty:   440983, count:   119449
	stall_in     :       79
Task Unit Ops 29248064, num_edges 58333344
FPGA cycles 61979427  (495.835416 ms) (4.229897 cycles/task/tile)
Read BW    1209.22 MB/s
Write BW    195.81 MB/s
L2 Tag contention 65.15%
L2 accesses per task  2.44
Task Unit contention 47.19%
Flush completed, reading results..
vid:23947346 dist:23228284, ref:23228284, MATCH, num_errors: 0
Total Errors 0 / 23947347
