AFI PCI  Vendor ID: 0x1d0f, Device ID 0xf000
File 0x8db010
File Len 754035136
Write success
Loading code... Success
8 tiles, 12 cores each
Non spec 1
TQ Size 12 CQ Size 7
L2 banks: 1 Ready list size: 16
PCI latency 136 cycles
Spill Alloc 40000000 04000000
Setting Base Addresses
Setting Base Addresses
Setting Base Addresses
Setting Base Addresses
Setting Base Addresses
Setting Base Addresses
Setting Base Addresses
Setting Base Addresses
PCI latency 132 cycles
pc 0
app 1
APP_SSSP
Starting SSSP
PCI latency 132 cycles
mask 7fff
Waiting until SSSP completes
pc 0
iters 449415
Tile 0 core state stats
 0:  64892199   65600911   66219611   66963612   67949473   68722210   70106727   71921508   73994306   76338657   78723274   81325722 
 1:         1          1          1          1          1          1          1          1          1          1          1          1 
 2:        65          7          7          7          7          7          7          8          8          7          7         10 
 3:         1          1          1          1          1          1          1          1          1          1          1          1 
 4:         7          7          7          7          7          7          7          8          8          8          8          8 
 5:         1          1          1          1          1          1          1          1          1          1          1          1 
 6:         7          7          7          7          7          7          7          7          7          7         10          8 
 7:   1088788    1007111     972891     938121     902019     873513     824157     763133     698101     627471     553190     478883 
 8:  12402949   11877717   11608218   11313907   11032683   10848139   10435947    9822104    9145644    8339568    7519595    6593572 
 9:    300685     299432     293571     286224     275603     267776     253232     236465     216731     195247     172593     149079 
10:   7115368    7127829    7094224    6963279    6740135    6546369    6216500    5833397    5360098    4844220    4320008    3740586 
11:    300685     299432     293571     286224     275603     267776     253232     236465     216731     195247     172593     149079 
12:  10643310   10628868   10419667   10214617    9863767    9573094    9104388    8493400    7799252    7022355    6247238    5412836 
13:    734963     732331     718287     701726     677141     659005     626140     587111     540564     491668     435787     381384 
14:       528        207        697        516        570        879        519        923        747        941        230        330 
15:   1088788    1007111     972891     938121     902019     873513     824157     763133     698101     627471     553190     478883 
16:         0          0          0          0          0          0          0          0          0          0          0          0 
17:         0          0          0          0          0          0          0          0          0          0          0          0 
18:         0          0          0          0          0          0          0          0          0          0          0          0 
19:         0          0          0          0          0          0          0          0          0          0          0          0 
20:         0          0          0          0          0          0          0          0          0          0          0          0 
21:         0          0          0          0          0          0          0          0          0          0          0          0 
22:         0          0          0          0          0          0          0          0          0          0          0          0 
23:         0          0          0          0          0          0          0          0          0          0          0          0 
24:         0          0          0          0          0          0          0          0          0          0          0          0 
25:         0          0          0          0          0          0          0          0          0          0          0          0 
26:         0          0          0          0          0          0          0          0          0          0          0          0 
27:         0          0          0          0          0          0          0          0          0          0          0          0 
28:         0          0          0          0          0          0          0          0          0          0          0          0 
29:         0          0          0          0          0          0          0          0          0          0          0          0 
30:         0          0          0          0          0          0          0          0          0          0          0          0 
31:         0          0          0          0          0          0          0          0          0          0          0          0 
32:         0          0          0          0          0          0          0          0          0          0          0          0 
33:         0          0          0          0          0          0          0          0          0          0          0          0 
34:         0          0          0          0          0          0          0          0          0          0          0          0 
35:         0          0          0          0          0          0          0          0          0          0          0          0 
36:         0          0          0          0          0          0          0          0          0          0          0          0 
37:         0          0          0          0          0          0          0          0          0          0          0          0 
38:         0          0          0          0          0          0          0          0          0          0          0          0 
39:         0          0          0          0          0          0          0          0          0          0          0          0 
40:         0          0          0          0          0          0          0          0          0          0          0          0 
41:         0          0          0          0          0          0          0          0          0          0          0          0 
42:         0          0          0          0          0          0          0          0          0          0          0          0 
43:         0          0          0          0          0          0          0          0          0          0          0          0 
44:         0          0          0          0          0          0          0          0          0          0          0          0 
45:         0          0          0          0          0          0          0          0          0          0          0          0 
46:         0          0          0          0          0          0          0          0          0          0          0          0 
47:         0          0          0          0          0          0          0          0          0          0          0          0 
48:         0          0          0          0          0          0          0          0          0          0          0          0 
49:         0          0          0          0          0          0          0          0          0          0          0          0 
50:         0          0          0          0          0          0          0          0          0          0          0          0 
51:         0          0          0          0          0          0          0          0          0          0          0          0 
52:         0          0          0          0          0          0          0          0          0          0          0          0 
53:         0          0          0          0          0          0          0          0          0          0          0          0 
54:         0          0          0          0          0          0          0          0          0          0          0          0 
55:         0          0          0          0          0          0          0          0          0          0          0          0 
56:         0          0          0          0          0          0          0          0          0          0          0          0 
57:         0          0          0          0          0          0          0          0          0          0          0          0 
58:         0          0          0          0          0          0          0          0          0          0          0          0 
59:         0          0          0          0          0          0          0          0          0          0          0          0 
60:         0          0          0          0          0          0          0          0          0          0          0          0 
61:         0          0          0          0          0          0          0          0          0          0          0          0 
62:         0          0          0          0          0          0          0          0          0          0          0          0 
63:         0          0          0          0          0          0          0          0          0          0          0          0 
64:         0          0          0          0          0          0          0          0 -965449904 -965449392 -965449392 -965448368 
65:         0          0          0          0          0          0          0          0      32766      32766      32766      32766 
66:         0          0          0          0          0          0          0          0 -927063904 -927063904         12 -927063904 
67:         0          0          0          0          0          0          0          0      32612      32612          0      32612 
68:         0          0          0          0          0          0          0          0          0          0         -1          0 
69:         0          0          0          0          0          0          0          0      32766      32766          0      32766 
70:         0          0          0          0          0          0          0          0         -1         -1          0         -1 
71:         0          0          0          0          0          0          0          0         -1         -1          0         -1 
72:         0          0          0          0          0          0          0          0          0          0 -965449376          0 
73:         0          0          0          0          0          0          0          0         10         10      32766         10 
74:         0          0          0          0          0          0          0 -930496964          4          4 -930641812          4 
75:         0          0          0          0          0          0          0      32612          0          0      32612          0 
76:         0          0          0          0          0          0          0          3         32         32  805306416         32 
77:         0          0          0          0          0          0          0          0          0          0          0          0 
78:         0          0          0          0          0          0          0 -930496964          0          0         -1          0 
79:  33676146   32980062   32374041   31642759   30669564   29910088   28538296   26736157   24675995   22344213   19974452   17384661 
80:  98568345   98580973   98593652   98606371   98619037   98632298   98645023   98657665   98670301   98682870   98697726   98710383 
81:   1336398    1331202    1305436    1274181    1228354    1194564    1132611    1060049    1072187     980322     846512     777705 
82:    354278     275480     255892     238698     228753     219833     204890 -930311781     168063     149460 -930510015     114207 
83:  26665103   27361187   27967208   28698490   29671685   30431161   31802953   33605092   35665254   37997036   40366797   42956588 
84:  31985470   31373380   30812713   30129880   29212457   28495691   27200795  955987889   23435745   21214431  949637955   16492749 
W0:  63801567   64579701   65218110   65981828   66991007   67779789   69202500   71067285   73195456   75602781   78058296   80733184 
W1:         0          0          0          0          0          0          0          0          0          0          0          0 
W2:         0          0          0          0          0          0          0          0          0          0          0          0 
W3:  33676146   32980062   32374041   31642759   30669564   29910088   28538296   26736157   24675995   22344213   19974452   17384661 
W4:         0          0          0          0          0          0          0          0          0          0          0          0 
W5:   1090764    1021342    1001634     981917     958598     942554     904359     854355     798982     736007     665111     592669 
W6:         0          0          0          0          0          0          0          0          0          0          0          0 
W7:         0          0          0          0          0          0          0          0          0          0          0          0 
Tile 0 stats:
STAT_N_UNTIED_ENQ             9727378
STAT_N_DEQ_TASK               9727378
STAT_N_COAL_CHILD                   0
STAT_N_OVERFLOW                     0
state:0   60362027    state:1          0    state:2          0    state:3          0    
state:4          0    state:5          0    state:6          0    state:7          0    
Heap enq: 9727378, deq+abort 9727378
Tied_Enq :0, 0
Cum Tasks:   2113808 heap_util:   2113401
avg Tasks:2295.78 heap_util:2295.34
heap enq:  7137114 deq:  7137114 replace:  2590264
cycles deq_valid:  9799064
        num_enq   num_deq othercore   cq_full   no_task     what?  no_ready
 1:      734518   1088788         0         0  23737387         0       497
 2:      731639   1007111    312669         0  24351465         0      2610
 3:      717007    972891    598744         0  24758510         0      3659
 4:      699431    938121    885032         0  25291970         0      4450
 5:      673274    902019   1178518         0  26066606         0      5046
 6:      653688    873513   1518049         0  26558784         0      5869
 7:      619275    824157   2156445         0  27428350         0      6606
 8:      577958    763133   2856812         0  28701334         0      7446
 9:      530050    698101   3604025         0  30199025         0      8141
10:      478023    627471   4375052         0  31963201         0      8955
11:      421404    553190   5142261         0  33784038         0     10128
12:      364689    478883   5885952         0  35850714         0     10608
cum CQ stall cycles 0
Completed, flushing cache..
num tasks Tile:0    9727378 Total:  77819024
Tile:0 L2 bank 0
	L2 Read  hits: 14114036 misses:  2938944 
	L2 Write hits:  2946435 misses:      203 
	L2 Evictions :   614322 
	L2 hit-rate 85.30%
	retry:  stall:        0, not_empty:   726849, count:   330914
	stall_in     :     1401
Task Unit Ops 16928334, num_edges 58333344
FPGA cycles 60341249  (482.729992 ms) (6.203239 cycles/task/tile)
Read BW    3117.36 MB/s
Write BW    651.57 MB/s
L2 Tag contention 38.02%
L2 accesses per task  2.06
Task Unit contention 28.05%
Flush completed, reading results..
vid:  2 dist:63685, ref:577021, FAIL, num_errors: 1
vid:  3 dist:64539, ref:65285, FAIL, num_errors: 2
vid:  4 dist:70018, ref:565630, FAIL, num_errors: 3
vid:  5 dist:68371, ref:572251, FAIL, num_errors: 4
vid:  6 dist:63413, ref:532447, FAIL, num_errors: 5
vid:  7 dist:64275, ref:533325, FAIL, num_errors: 6
vid:  8 dist:67224, ref:560904, FAIL, num_errors: 7
vid:  9 dist:66200, ref:570263, FAIL, num_errors: 8
vid: 10 dist:66200, ref:571965, FAIL, num_errors: 9
vid:23947346 dist:10452570, ref:23228284, FAIL, num_errors:23939632
Total Errors 23939632 / 23947347
