AFI PCI  Vendor ID: 0x1d0f, Device ID 0xf000
File 0x1b88010
File Len 754035136
Write success
Loading code... Success
8 tiles, 12 cores each
Non spec 0
TQ Size 12 CQ Size 6
L2 banks: 1 Ready list size: 8
PCI latency 135 cycles
Spill Alloc 40000000 04000000
Setting Base Addresses
Setting Base Addresses
Setting Base Addresses
Setting Base Addresses
Setting Base Addresses
Setting Base Addresses
Setting Base Addresses
Setting Base Addresses
PCI latency 131 cycles
pc 0
app 1
APP_SSSP
Starting SSSP
PCI latency 131 cycles
mask 7fff
Waiting until SSSP completes
pc 0
iters 262369
Tile 0 core state stats
 0:  47632252   48302267   48995465   49618300   50264830   50917248   51641322   52470220   53405689   54422563   55521677   56677982 
 1:     13530       7169       5065       4009       3587       3216       3019       2987       2824       2604       2448       2300 
 2:     97600      52163      37516      30422      27278      24931      24344      24727      24017      22672      22304      22019 
 3:     13193       7041       4976       3971       3544       3197       2997       2964       2802       2579       2421       2272 
 4:     94215      51574      37404      31003      28683      26506      25553      25889      24872      23157      21726      20471 
 5:     12916       6930       4913       3937       3501       3176       2964       2938       2774       2548       2392       2246 
 6:     97460      54478      39806      32489      29202      26605      25131      24998      23695      21691      20315      19309 
 7:    777070     741864     714370     688235     663278     637514     610459     580904     548704     515945     480795     442661 
 8:   7459004    7219165    6996827    6797235    6625641    6435445    6235644    6014235    5752360    5466636    5166645    4837379 
 9:    305129     297715     290191     282288     272572     263194     252100     240348     227767     214481     199454     184319 
10:   5421330    5361020    5256406    5125338    5010116    4863399    4706757    4527008    4327308    4085848    3810561    3537599 
11:    302792     296110     288848     281164     271540     262167     251190     239431     226870     213634     198699     183589 
12:   8598217    8470518    8236038    8050863    7786513    7565035    7295113    6967119    6603661    6226082    5820837    5386205 
13:    792266     791049     789292     785862     781851     778297     772910     767889     762907     762299     759808     762685 
14:       190        163        214         97        229        385        278        198        145        198        367         46 
15:    764948     735420     709845     684587     660042     634574     607724     578179     546146     513601     478603     440588 
16:         0          0          0          0          0          0          0          0          0          0          0          0 
17:         0          0          0          0          0          0          0          0          0          0          0          0 
18:         0          0          0          0          0          0          0          0          0          0          0          0 
19:         0          0          0          0          0          0          0          0          0          0          0          0 
20:         0          0          0          0          0          0          0          0          0          0          0          0 
21:         0          0          0          0          0          0          0          0          0          0          0          0 
22:         0          0          0          0          0          0          0          0          0          0          0          0 
23:         0          0          0          0          0          0          0          0          0          0          0          0 
24:         0          0          0          0          0          0          0          0          0          0          0          0 
25:         0          0          0          0          0          0          0          0          0          0          0          0 
26:         0          0          0          0          0          0          0          0          0          0          0          0 
27:         0          0          0          0          0          0          0          0          0          0          0          0 
28:         0          0          0          0          0          0          0          0          0          0          0          0 
29:         0          0          0          0          0          0          0          0          0          0          0          0 
30:         0          0          0          0          0          0          0          0          0          0          0          0 
31:         0          0          0          0          0          0          0          0          0          0          0          0 
32:         0          0          0          0          0          0          0          0          0          0          0          0 
33:         0          0          0          0          0          0          0          0          0          0          0          0 
34:         0          0          0          0          0          0          0          0          0          0          0          0 
35:         0          0          0          0          0          0          0          0          0          0          0          0 
36:         0          0          0          0          0          0          0          0          0          0          0          0 
37:         0          0          0          0          0          0          0          0          0          0          0          0 
38:         0          0          0          0          0          0          0          0          0          0          0          0 
39:         0          0          0          0          0          0          0          0          0          0          0          0 
40:         0          0          0          0          0          0          0          0          0          0          0          0 
41:         0          0          0          0          0          0          0          0          0          0          0          0 
42:         0          0          0          0          0          0          0          0          0          0          0          0 
43:         0          0          0          0          0          0          0          0          0          0          0          0 
44:         0          0          0          0          0          0          0          0          0          0          0          0 
45:         0          0          0          0          0          0          0          0          0          0          0          0 
46:         0          0          0          0          0          0          0          0          0          0          0          0 
47:         0          0          0          0          0          0          0          0          0          0          0          0 
48:         0          0          0          0          0          0          0          0          0          0          0          0 
49:         0          0          0          0          0          0          0          0          0          0          0          0 
50:         0          0          0          0          0          0          0          0          0          0          0          0 
51:         0          0          0          0          0          0          0          0          0          0          0          0 
52:         0          0          0          0          0          0          0          0          0          0          0          0 
53:         0          0          0          0          0          0          0          0          0          0          0          0 
54:         0          0          0          0          0          0          0          0          0          0          0          0 
55:         0          0          0          0          0          0          0          0          0          0          0          0 
56:         0          0          0          0          0          0          0          0          0          0          0          0 
57:         0          0          0          0          0          0          0          0          0          0          0          0 
58:         0          0          0          0          0          0          0          0          0          0          0          0 
59:         0          0          0          0          0          0          0          0          0          0          0          0 
60:         0          0          0          0          0          0          0          0          0          0          0          0 
61:         0          0          0          0          0          0          0          0          0          0          0          0 
62:         0          0          0          0          0          0          0          0          0          0          0          0 
63:         0          0          0          0          0          0          0          0          0          0          0          0 
64:         0          0          0          0          0          0          0          0  707898464  707898976  707898976  707900000 
65:         0          0          0          0          0          0          0          0      32765      32765      32765      32765 
66:         0          0          0          0          0          0          0          0 1789145248 1789145248         12 1789145248 
67:         0          0          0          0          0          0          0          0      32511      32511          0      32511 
68:         0          0          0          0          0          0          0          0          0          0         -1          0 
69:         0          0          0          0          0          0          0          0      32765      32765          0      32765 
70:         0          0          0          0          0          0          0          0         -1         -1          0         -1 
71:         0          0          0          0          0          0          0          0         -1         -1          0         -1 
72:         0          0          0          0          0          0          0          0          0          0  707898992          0 
73:         0          0          0          0          0          0          0          0         10         10      32765         10 
74:         0          0          0          0          0          0          0 1785712188          4          4 1785567340          4 
75:         0          0          0          0          0          0          0      32511          0          0      32511          0 
76:         0          0          0          0          0          0          0          3         32         32  805306416         32 
77:         0          0          0          0          0          0          0          0          0          0          0          0 
78:         0          0          0          0          0          0          0 1785712188          0          0         -1          0 
79:  24749860   24092379   23411711   22801500   22167577   21527641   20816183   19999814   19076852   18073975   16987375   15843688 
80:  72382112   72394646   72407176   72419800   72432407   72444889   72457505   72470034   72482541   72496538   72509052   72521670 
81:   1497787    1437037    1405847    1379736    1353241    1328589    1300544    1272395    1339611    1311136    1245795    1250662 
82:    156021      86352      58934      42970      37066      30661      28444 1785738600      24397      21484 1785587819      18063 
83:   9750260   10407741   11088409   11698620   12332543   12972479   13683937   14500306   15423268   16426145   17512745   18656432 
84:  23096052   22568990   21946930   21378794   20777270   20168391   19487195 -1767011181   17712844   16741355 -1769846239   14574963 
W0:  45119854   45924174   46695622   47382152   48085779   48792871   49574430   50467156   51472588   52563935   53743658   54983523 
W1:    778339     742480     714753     688455     663488     637641     610599     581028     548800     516073     480914     442767 
W2:    778339     742480     714753     688455     663488     637641     610599     581028     548800     516073     480914     442767 
W3:  24749860   24092379   23411711   22801500   22167577   21527641   20816183   19999814   19076852   18073975   16987375   15843688 
W4:     13305       7168       5107       4219       3780       3501       3289       3380       3216       3062       2965       2828 
W5:    825959     813095     808123     804162     803507     804953     803586     798800     797051     791741     785255     777590 
W6:     15404       8568       6168       4963       4366       3994       3755       3637       3529       3223       3001       2819 
W7:    101182      64433      51072      46026      40553      36779      35194      35322      31835      28587      25102      25818 
Tile 0 stats:
STAT_N_UNTIED_ENQ               74738
STAT_N_TIED_ENQ_ACK           7242129
STAT_N_TIED_ENQ_NACK                0
STAT_N_DEQ_TASK               7405337
STAT_N_SPLITTER_DEQ                 0
STAT_N_DEQ_MISMATCH             23817
STAT_N_CUT_TIES_MATCH         7190701
STAT_N_CUT_TIES_MISMATCH        26143
STAT_N_CUT_TIES_COM_ABO           791
STAT_N_COMMIT_TIED              26935
STAT_N_COMMIT_UNTIED          7264647
STAT_N_COMMIT_MISMATCH              0
STAT_N_ABORT_CHILD_DEQ           1495
STAT_N_ABORT_CHILD_NOT_DEQ      23790
STAT_N_ABORT_CHILD_MISMATCH         0
STAT_N_ABORT_TASK              112355
STAT_N_COAL_CHILD                   0
STAT_N_OVERFLOW                     0
state:0   34519951    state:1          0    state:2          0    state:3          0    
state:4          0    state:5          0    state:6          0    state:7          0    
Heap enq: 7429222, deq+abort 7429127
Tied_Enq :7242129, 7242130
Cum Tasks:    415778 heap_util:    383823
avg Tasks:789.81 heap_util:729.11
heap enq:  4213139 deq:  4213139 replace:  3216083
cycles deq_valid: 24100052
CQ stats 
state:0   25862867    state:1     691310    state:2      14403    state:3     364745    
state:4      36134    state:5    7530170    state:6          0    state:7          0    
aborts: resource:123407, gvt:0
cycles in aborts: resource:1103217, gvt:0
stall cycles: cq_full: 14158339, cc_full:  3041294, no_task:  1263881
ttype:0 deq:  7405337 commit:  7291582
ttype:1 deq:        0 commit:        0
ttype:2 deq:        0 commit:        0
ttype:3 deq:        0 commit:        0
ttype:4 deq:        0 commit:        0
conflict none:0 bypass:0 miss:0 real:0
useful work:       14585964
aborted work:        639992
conflict checks:     691310
stall_cq:          14158339
stall_no_core:      3166127
stall_no_task:      1258388
cum commit_cycles:      264523445 cum_abort_cycles:        2246020
        num_enq   num_deq othercore   cq_full   no_task     what?  no_ready
 1:      731425    778339     15884   4725470    937579         0      2216
 2:      716920    742480    177700   5171426   1192852         0      2674
 3:      700155    714753    349651   5558812   1447665         0      2894
 4:      681691    688455    529920   5856366   1696233         0      3006
 5:      658915    663488    722965   6153384   1946198         0      3933
 6:      636634    637641    933919   6424515   2209917         0      4432
 7:      610110    610599   1174243   6717549   2499000         0      5020
 8:      582428    581028   1462565   7026991   2839773         0      5821
 9:      550780    548800   1794466   7360317   3230843         0      6906
10:      518704    516073   2153940   7720942   3652235         0      8218
11:      483023    480914   2539165   8117540   4106957         0      9199
12:      446157    442767   2949997   8520795   4594739         0     10873
cum CQ stall cycles 99565824
Completed, flushing cache..
num tasks Tile:0    7405337 Total:  22216011
Tile:0 L2 bank 0
	L2 Read  hits: 12978151 misses:  2087037 
	L2 Write hits:  3064896 misses:       92 
	L2 Evictions :   334437 
	L2 hit-rate 88.49%
	retry:  stall:        0, not_empty:   396339, count:   120874
	stall_in     :        0
Task Unit Ops 14722279, num_edges 58333344
FPGA cycles 34500120  (276.000960 ms) (4.658818 cycles/task/tile)
Read BW    1451.91 MB/s
Write BW    232.65 MB/s
L2 Tag contention 58.60%
L2 accesses per task  2.45
Task Unit contention 42.67%
Flush completed, reading results..
vid:23947346 dist:23228284, ref:23228284, MATCH, num_errors: 0
Total Errors 0 / 23947347
