AFI PCI  Vendor ID: 0x1d0f, Device ID 0xf000
File 0x87a010
File Len 503680384
Write success
Loading code... Success
4 tiles, 10 cores each
Non spec 0
TQ Size 12 CQ Size 7
L2 banks: 1 Ready list size: 16
PCI latency 132 cycles
Spill Alloc 40000000 04000000
Setting Base Addresses
Setting Base Addresses
Setting Base Addresses
Setting Base Addresses
PCI latency 134 cycles
pc 0
app 3
APP_ASTAR
Starting SSSP
PCI latency 133 cycles
mask 7fff
Waiting until SSSP completes
pc 0
iters 64205
Tile 0 core state stats
 0:  41787765   42445252   42717252   42842703   42922379   42993636   43076708   43140521   46523618          0 
 1:      6729       3624       2890       2584       2508       2393       2304       2227          0          0 
 2:     44043      24997      20518      18755      18485      18014      17727      17620          0          0 
 3:      5801       3392       2785       2508       2457       2344       2254       2191          0          0 
 4:     40975      24530      20802      19258      19284      18771      18201      17846          0          0 
 5:      5771       3370       2768       2494       2444       2330       2237       2174          0          0 
 6:     41368      24873      21053      19294      19251      18239      17622      17153          0          0 
 7:      5737       3346       2748       2479       2432       2308       2223       2153          0          0 
 8:     41243      24909      21021      19112      18707      17893      17275      16919          0          0 
 9:     80314      71974      67834      65215      63157      61380      60075      58535          0          0 
10:   1568344    1409137    1351131    1314169    1297196    1281174    1263771    1255720          0          0 
11:     31463      27107      24701      23731      23046      22385      21688      20926          0          0 
12:     31434      27097      24689      23719      23027      22373      21678      20914          0          0 
13:   1152734     989109     912658     889497     870943     856324     839246     822508          0          0 
14:     30928      26639      24303      23352      22649      22035      21356      20607          0          0 
15:   1380149    1176554    1085540    1055688    1032678    1014101     987957     964178          0          0 
16:     91301      78766      78192      71387      69943      69191      68070      72325          0          0 
17:         0         36          0          7          0          0          0          0          0          0 
18:     74741      68750      65181      62830      60815      59159      57935      56455          0          0 
19:         0          0          0          0          0          0          0          0          0          0 
20:         0          0          0          0          0          0          0          0          0          0 
21:         0          0          0          0          0          0          0          0          0          0 
22:         0          0          0          0          0          0          0          0          0          0 
23:         0          0          0          0          0          0          0          0          0          0 
24:         0          0          0          0          0          0          0          0          0          0 
25:         0          0          0          0          0          0          0          0          0          0 
26:         0          0          0          0          0          0          0          0          0          0 
27:         0          0          0          0          0          0          0          0          0          0 
28:         0          0          0          0          0          0          0          0          0          0 
29:         0          0          0          0          0          0          0          0          0          0 
30:         0          0          0          0          0          0          0          0          0          0 
31:         0          0          0          0          0          0          0          0          0          0 
32:         0          0          0          0          0          0          0          0          0          0 
33:         0          0          0          0          0          0          0          0          0          0 
34:         0          0          0          0          0          0          0          0          0          0 
35:         0          0          0          0          0          0          0          0          0          0 
36:         0          0          0          0          0          0          0          0          0          0 
37:         0          0          0          0          0          0          0          0          0          0 
38:         0          0          0          0          0          0          0          0          0          0 
39:         0          0          0          0          0          0          0          0          0          0 
40:         0          0          0          0          0          0          0          0          0          0 
41:         0          0          0          0          0          0          0          0          0          0 
42:         0          0          0          0          0          0          0          0          0          0 
43:         0          0          0          0          0          0          0          0          0          0 
44:         0          0          0          0          0          0          0          0          0          0 
45:         0          0          0          0          0          0          0          0          0          0 
46:         0          0          0          0          0          0          0          0          0          0 
47:         0          0          0          0          0          0          0          0          0          0 
48:         0          0          0          0          0          0          0          0          0          0 
49:         0          0          0          0          0          0          0          0          0          0 
50:         0          0          0          0          0          0          0          0          0          0 
51:         0          0          0          0          0          0          0          0          0          0 
52:         0          0          0          0          0          0          0          0          0          0 
53:         0          0          0          0          0          0          0          0          0          0 
54:         0          0          0          0          0          0          0          0          0          0 
55:         0          0          0          0          0          0          0          0          0          0 
56:         0          0          0          0          0          0          0          0          0          0 
57:         0          0          0          0          0          0          0          0          0          0 
58:         0          0          0          0          0          0          0          0          0          0 
59:         0          0          0          0          0          0          0          0          0          0 
60:         0          0          0          0          0          0          0          0          0          0 
61:         0          0          0          0          0          0          0          0          0          0 
62:         0          0          0          0          0          0          0          0          0          0 
63:         0          0          0          0          0          0          0          0          0          0 
64:         0          0          0          0          0          0          0          0 2029085008 2029085520 
65:         0          0          0          0          0          0          0          0      32767      32767 
66:         0          0          0          0          0          0          0          0 -107917152 -107917152 
67:         0          0          0          0          0          0          0          0      32735      32735 
68:         0          0          0          0          0          0          0          0          0          0 
69:         0          0          0          0          0          0          0          0      32767      32767 
70:         0          0          0          0          0          0          0          0         -1         -1 
71:         0          0          0          0          0          0          0          0         -1         -1 
72:         0          0          0          0          0          0          0          0          0          0 
73:         0          0          0          0          0          0          0          0         10         10 
74:         0          0          0          0          0          0          0 -111350212          4          4 
75:         0          0          0          0          0          0          0      32735          0          0 
76:         0          0          0          0          0          0          0          3         32         32 
77:         0          0          0          0          0          0          0          0          0          0 
78:         0          0          0          0          0          0          0 -111350212          0          0 
79:   4633075    3988210    3728814    3616079    3549022    3490414    3421619    3370451          0          0 
80:  46420840   46433462   46446066   46458782   46471401   46484050   46498327   46510972   46523618          0 
81:   1308554    1113187    1025711     997198     975631     958103     938736     919589      98278      98278 
82:    -28384     -37395     -35894     -35825     -34011     -33680     -32746 -111381336          4    -461438 
83:   3905957    4550822    4810218    4922953    4990010    5048618    5117413    5168581    8539032    8539032 
84:   3352905    2912418    2738997    2654706    2607402    2565991    2515629  113832198     -98282     363160 
W0:  41453351   42161505   42445432   42582883   42671729   42749672   42838583   42906591   46512934          0 
W1:     81592      72465      68131      65503      63396      61642      60340      58777       2703          0 
W2:     81592      72465      68131      65503      63396      61642      60340      58777       2703          0 
W3:   4633075    3988210    3728814    3616079    3549022    3490414    3421619    3370451       2703          0 
W4:      6690       3632       2927       2668       2614       2544       2470       2448          0          0 
W5:     84827      77036      79012      77374      71163      70379      70245      69743       2707          0 
W6:      6843       3747       3011       2633       2602       2483       2357       2284          0          0 
W7:     73002      54534      50740      46275      47610      45406      42506      42033          0          0 
Tile 0 stats:
STAT_N_UNTIED_ENQ               19973
STAT_N_TIED_ENQ_ACK            935007
STAT_N_TIED_ENQ_NACK                0
STAT_N_DEQ_TASK               1007872
STAT_N_SPLITTER_DEQ               150
STAT_N_DEQ_MISMATCH             53852
STAT_N_CUT_TIES_MATCH          647105
STAT_N_CUT_TIES_MISMATCH       227811
STAT_N_CUT_TIES_COM_ABO          3017
STAT_N_COMMIT_TIED             230844
STAT_N_COMMIT_UNTIED           662861
STAT_N_COMMIT_MISMATCH              0
STAT_N_ABORT_CHILD_DEQ           7546
STAT_N_ABORT_CHILD_NOT_DEQ      52529
STAT_N_ABORT_CHILD_MISMATCH         0
STAT_N_ABORT_TASK              107600
STAT_N_COAL_CHILD                 150
STAT_N_OVERFLOW                  1200
state:0    8510149    state:1       4558    state:2      20480    state:3       1219    
state:4       1213    state:5          0    state:6          0    state:7          0    
Heap enq: 1062580, deq+abort 1060401
Tied_Enq :935007, 935007
Cum Tasks:    379936 heap_util:    388779
avg Tasks:2915.96 heap_util:2983.83
heap enq:   708642 deq:   708642 replace:   354088
cycles deq_valid:  6594061
CQ stats 
state:0    5822392    state:1    1062758    state:2      40385    state:3     198847    
state:4      24389    state:5    1388842    state:6          0    state:7          0    
aborts: resource:373109, gvt:0
cycles in aborts: resource:1584809, gvt:0
stall cycles: cq_full:  3567030, cc_full:   965832, no_task:   317010
ttype:0 deq:   534526 commit:   444170
ttype:1 deq:   473345 commit:   446833
ttype:2 deq:        0 commit:        0
ttype:3 deq:        0 commit:        0
ttype:4 deq:        0 commit:        0
conflict none:0 bypass:0 miss:0 real:0
useful work:        1800544
aborted work:        478821
conflict checks:    1062758
stall_cq:           3567030
stall_no_core:      1346802
stall_no_task:       283077
cum commit_cycles:       60449583 cum_abort_cycles:        5980148
        num_enq   num_deq othercore   cq_full   no_task     what?  no_ready
 1:       81260     81592    117137   2858457    423800      8786       150
 2:       68984     72465    170709   3412920    529448      8849       190
 3:       62463     68131    203396   3597017    592502      8934       258
 4:       60092     65503    226080   3666757    630051      8979       227
 5:       58138     63396    244925   3699304    659127      8912       272
 6:       56557     61642    264571   3717973    689548      8967       282
 7:       54828     60340    284758   3745251    719255      9036       278
 8:       52604     58777    304178   3755562    748015      9036       277
 9:           0      2703   1029546   4609074   1893851    769068    221374
10:      461442     75953    115040   2088538  38454918    198869     50456
cum CQ stall cycles 106242560
Completed, flushing cache..
num tasks Tile:0    1007872 Total:   2015744
Tile:0 L2 bank 0
	L2 Read  hits:   977142 misses:   611262 
	L2 Write hits:   220115 misses:      583 
	L2 Evictions :   121761 
	L2 hit-rate 66.18%
	retry:  stall:        0, not_empty:    44618, count:    20697
	stall_in     :     9065
Task Unit Ops 1966940, num_edges 32266600
FPGA cycles 8539032  (68.312256 ms) (8.472338 cycles/task/tile)
Read BW    1146.44 MB/s
Write BW    228.15 MB/s
L2 Tag contention 28.35%
L2 accesses per task  1.79
Task Unit contention 23.03%
Flush completed, reading results..
vid:11049637 dist:676124, ref:676123, FAIL, num_errors:18
Total Errors 18 / 683375
