AFI PCI  Vendor ID: 0x1d0f, Device ID 0xf000
File 0x66b010
File Len 1967616
Write success
Loading code... Success
6 tiles, 14 cores each
Non spec 0
TQ Size 12 CQ Size 7
L2 banks: 1 Ready list size: 16
PCI latency 131 cycles
Spill Alloc 40000000 04000000
Setting Base Addresses
Setting Base Addresses
Setting Base Addresses
Setting Base Addresses
Setting Base Addresses
Setting Base Addresses
PCI latency 133 cycles
pc 0
app 5
APP_MAXFLOW
Starting SSSP
PCI latency 132 cycles
mask 1ffff
Waiting until SSSP completes
pc 0
iters 196359
Tile 0 core state stats
 0:  43868987   44158715   44474543   44822122   45190862   45664327   46169253   46814424   47529406   48310978   49124275   49947637   50833749   51583039 
 1:      3138       2911       2776       2788       2695       2663       2349       2385       2292       2268       2118       2094       2006       1993 
 2:     64387      60097      58048      58579      56634      56928      50704      51666      50645      50566      47913      48036      46957      48065 
 3:         3          0          1          2          1          2          0          1          3          0          1          1          3          2 
 4:         7          0          3          4          3          4          0          2         38          0          2          2        225          4 
 5:         6          0          2          5          2          4          0          9          8          0          2          2          8          4 
 6:     31419      30309      29402      28732      28422      27487      26986      26529      25638      25068      24288      23757      22893      22111 
 7:    425521     415438     404064     394553     395419     384539     377187     376811     365758     360306     352115     348066     341502     337766 
 8:     30996      29889      29021      28351      28040      27118      26630      26159      25280      24711      23966      23445      22613      21827 
 9:    315939     309203     304372     295018     295992     286661     284983     280549     274352     272525     264290     261581     256784     248263 
10:     30760      29703      28838      28111      27830      26905      26441      25952      25085      24520      23778      23242      22448      21638 
11:     30741      29683      28817      28087      27807      26893      26426      25938      25066      24504      23768      23226      22415      21620 
12:     30712      29663      28792      28073      27789      26864      26396      25918      25045      24481      23751      23208      22400      21601 
13:   1055249    1023409    1010400     987066     977469     961481     943230     937894     903356     886890     871559     857865     834584     814075 
14:    339425     350466     367694     390466     424508     460754     524363     593727     687142     809546     952022    1120795    1299242    1474987 
15:    166531     162989     160078     156976     154112     152220     148582     143665     138851     130059     119284     107213      93645      80483 
16:   3207518    3162738    3116653    3084171    3019575    3010472    2939282    2876709    2787748    2633786    2442200    2230576    1980014    1725929 
17:    165786     162311     159431     156306     153527     151571     148052     143125     138305     129490     118795     106709      93206      80052 
18:    187096     183724     178890     173387     166911     158157     148599     136926     123591     109994      96431      82366      69910      57672 
19:   1646846    1626102    1591643    1551539    1503636    1434322    1359306    1263864    1153847    1040342     925383     805299     697659     590081 
20:    209020     205279     199723     193515     186292     176606     165763     152903     138229     122822     107893      92129      78076      64471 
21:    209000     205267     199716     193506     186286     176590     165754     152891     138222     122814     107889      92123      78066      64465 
22:   1644681    1627152    1594520    1559958    1515211    1451258    1377491    1288539    1180659    1064997     951637     824637     710625     599985 
23:    208903     205194     199632     193435     186210     176536     165682     152825     138175     122765     107847      92084      78036      64433 
24:   1644839    1625607    1589681    1551399    1506134    1441984    1368660    1276779    1171407    1054099     939103     813787     699237     586826 
25:    208835     205135     199574     193372     186134     176478     165638     152778     138134     122717     107816      92053      78005      64406 
26:   1667295    1644566    1608920    1568250    1521110    1454629    1375974    1279966    1170321    1051573     934752     806846     693480     581585 
27:    208780     205073     199524     193313     186097     176436     165595     152747     138104     122687     107792      92027      77982      64396 
28:     22165      21765      21018      20285      19537      18592      17249      16072      14735      12898      11518       9817       8201       6838 
29:     22164      21762      21014      20285      19534      18591      17249      16072      14734      12897      11518       9816       8201       6838 
30:     22164      21761      21013      20284      19532      18590      17249      16072      14733      12897      11517       9816       8201       6838 
31:     22163      22074      21704      21227      20788      20057      18820      17731      16486      14629      13114      11373       9697       8260 
32:    155622     152604     147169     141915     136497     129849     120489     112267     102979      90164      80672      68758      57595      48064 
33:    186610     183305     178498     173022     166551     157837     148341     136671     123365     109789      96271      82209      69779      57556 
34:     11043      11053      10475      10222       9719       9413       9044       8297       7821       6992       6320       5563       5084       4218 
35:     77606      77718      73702      71953      68454      66333      63759      58521      55215      49417      44730      39396      36071      29945 
36:     11042      11053      10475      10222       9719       9413       9044       8297       7821       7022       6346       5636       5378       4571 
37:     21042      20692      20261      19923      19846      19381      18925      17228      15400      13463      10900       9082       7172       5916 
38:    169490     168090     165363     165623     164527     162575     159281     147618     133389     119051      98904      84747      68923      58730 
39:     21034      20690      20259      19921      19845      19380      18924      17225      15397      13460      10899       9082       7171       5915 
40:    174184     171759     169407     167587     167817     165318     163219     150891     137251     123013     101664      85937      69548      57808 
41:     21030      20681      20256      19915      19840      19378      18921      17224      15397      13460      10899       9079       7170       5915 
42:     21030      20681      20255      19915      19840      19378      18920      17224      15397      13460      10899       9079       7170       5914 
43:     21029      21146      21196      21336      21569      21492      21275      19623      17567      15469      12643      10592       8359       6897 
44:    147747     144896     141463     138853     138016     134490     131165     119287     106640      93220      75480      62854      49627      41230 
45:     20230      19858      19429      19145      19039      18609      18190      16547      14790      12946      10460       8712       6892       5687 
46:     33810      32422      31735      30283      29315      28803      28093      27085      26698      26495      26070      25747      25800      25153 
47:   1143406    1116099    1095233    1064265    1043451    1028222    1000813     990653     975679     963702     971143     956787     949670     946640 
48:     33727      32357      31658      30233      29270      28750      28056      27052      26663      26464      26043      25716      25779      25137 
49:      6364       6342       6229       6179       6117       6019       5925       5917       5806       5763       5709       5603       5563       5459 
50:      6364       6371       6277       6245       6212       6126       6058       6073       5967       5972       5954       5867       5796       5694 
51:     45422      45183      44514      44046      43576      42932      42294      42220      41388      41034      40674      39901      39752      38959 
52:      6362       6341       6225       6175       6112       6014       5920       5914       5801       5761       5705       5600       5559       5456 
53:     90541      89235      89086      89064      89044      86525      85114      84764      85521      83387      84289      83046      84742      81188 
54:      6353       6337       6217       6169       6109       6006       5915       5907       5792       5755       5700       5596       5551       5447 
55:    299212     296866     294390     291046     293107     281802     282416     278675     278516     280131     272663     271848     275126     265999 
56:     35431      35299      34670      34396      34134      33529      33149      33123      32422      32285      31847      31440      31213      30702 
57:    441740     439254     443819     433562     428476     421229     423869     421266     412605     413057     409091     402563     404653     404092 
58:     35419      35280      34658      34379      34122      33513      33135      33106      32404      32275      31830      31424      31199      30688 
59:   1145326    1165557    1132277    1135564    1111416    1104503    1099010    1093612    1085183    1079008    1065116    1066910    1040377    1039904 
60:     35401      35264      34649      34365      34106      33495      33121      33088      32385      32254      31810      31411      31187      30678 
61:    285221     284423     280879     279554     278441     273940     272144     272608     268051     267775     264871     263356     262033     259937 
62:   1317762    1284841    1321562    1317331    1320398    1293910    1308315    1259397    1284052    1286422    1302761    1323014    1269287    1320030 
63:    436946     427400     417767     406682     396041     383535     368965     349172     328004     302916     274973     246184     217522     189430 
64:         0          0          0          0          0          0          0          0         17         17         -1         17         -1          0 
65:         0          0          0          0          0          0          0          0          0          0          0          0          0          0 
66:         0          0          0          0          0          0          0          0          0         -1         -1          0         -1          0 
67:         0          0          0          0          0          0          0          0          0         -1         -1          0         -1          0 
68:         0          0          0          0          0          0          0          0 -560156800 -560156288         32 -560155264         32          0 
69:         0          0          0          0          0          0          0          0      32767      32767      32533      32767          0      32533 
70:         0          0          0          0          0          0          0          0 2122723693 2122723693         64 2122723693         64          0 
71:         0          0          0          0          0          0          0          0      32533      32533          0      32533          0          0 
72:         0          0          0          0          0          0          0          0 -560155504 -560154992 -560154992 -560153968 -560153968         64 
73:         0          0          0          0          0          0          0          0      32767      32767      32767      32767      32767      32533 
74:         0          0          0          0          0          0          0          0 2126352544 2126352544         12 2126352544         12 2126368864 
75:         0          0          0          0          0          0          0          0      32533      32533          0      32533          0      32533 
76:         0          0          0          0          0          0          0          0          0          0         -1          0         -1          1 
77:         0          0          0          0          0          0          0          0      32767      32767          0      32767          0          4 
78:         0          0          0          0          0          0          0          0         -1         -1          0         -1          0        256 
79:  20285635   20008367   19705017   19370133   19013963   18553091   18062449   17429756   16727355   15958233   15157398   14346730   13473069   12736473 
80:  64154622   64167082   64179560   64192255   64204825   64217418   64231702   64244180   64256761   64269211   64281673   64294367   64306818   64319512 
81:   6422090    6351019    6217039    6097996    5954018    5766691    5561548    5334586    5131945    4844428    4510401    4246689    3873380    3628215 
82:   1006539     994110     980440     953110     936052     904045     882180     858242 2127170878 2127145015     764562 2127088419     721895 2127073510 
83:   5987666    6264934    6568284    6903168    7259338    7720210    8210852    8843545    9545946   10315068   11115903   11926571   12800232   13536828 
84:  12857006   12663238   12507538   12319027   12123893   11882355   11618721   11236928 -2115575468 -2116031210    9882435 -2116988378    8877794 -2117965252 
W0:  40820532   41110746   41499556   41898948   42318216   42811772   43383545   44068671   44916300   45794495   46703821   47653112   48551985   49392401 
W1:    441600     431543     421673     410409     399527     386834     371931     352074     330769     305554     277413     248522     219759     191629 
W2:    441600     431543     421673     410409     399527     386834     371931     352074     330769     305554     277413     248522     219759     191629 
W3:  20285635   20008367   19705017   19370133   19013963   18553091   18062449   17429756   16727355   15958233   15157398   14346730   13473069   12736473 
W4:      3139       2996       2950       2984       2991       3052       2784       2910       2819       2893       2835       2868       2816       2847 
W5:    700115     749255     735343     747451     768654     839847     878957     969637     985162    1047338    1122244    1161207    1305505    1363745 
W6:   1215522    1191548    1159202    1122940    1082328    1025558     964441     884994     795487     703948     609244     516326     431323     351999 
W7:    246609     241215     234279     229111     219751     210561     195795     184195     168231     151326     131438     117210     102735      88921 
Tile 0 stats:
STAT_N_UNTIED_ENQ               33158
STAT_N_TIED_ENQ_ACK           4880234
STAT_N_TIED_ENQ_NACK                0
STAT_N_DEQ_TASK               4789237
STAT_N_SPLITTER_DEQ              2670
STAT_N_DEQ_MISMATCH            215588
STAT_N_CUT_TIES_MATCH         2206041
STAT_N_CUT_TIES_MISMATCH      2447206
STAT_N_CUT_TIES_COM_ABO         44709
STAT_N_COMMIT_TIED            2491915
STAT_N_COMMIT_UNTIED          2173130
STAT_N_COMMIT_MISMATCH              0
STAT_N_ABORT_CHILD_DEQ          33160
STAT_N_ABORT_CHILD_NOT_DEQ     193827
STAT_N_ABORT_CHILD_MISMATCH         0
STAT_N_ABORT_TASK               92206
STAT_N_COAL_CHILD                2670
STAT_N_OVERFLOW                 21360
state:0   25548757    state:1      33105    state:2     364544    state:3      21628    
state:4      21668    state:5          0    state:6          0    state:7          0    
Heap enq: 5005598, deq+abort 4983064
Tied_Enq :4880234, 4880234
Cum Tasks:    305409 heap_util:    350956
avg Tasks:761.81 heap_util:875.42
heap enq:  2755789 deq:  2755789 replace:  2252479
cycles deq_valid: 17263601
CQ stats 
state:0   16879679    state:1     740338    state:2      99151    state:3     349179    
state:4      59701    state:5    7814424    state:6          0    state:7          0    
aborts: resource:119216, gvt:0
cycles in aborts: resource:960428, gvt:0
stall cycles: cq_full:  1591137, cc_full:  7630481, no_task:  3182305
ttype:0 deq:   373832 commit:   325420
ttype:1 deq:  1918905 commit:  1862487
ttype:2 deq:  1879361 commit:  1866126
ttype:3 deq:   219329 commit:   218821
ttype:4 deq:   397810 commit:   392191
conflict none:0 bypass:0 miss:0 real:0
useful work:        9394062
aborted work:        692443
conflict checks:     740338
stall_cq:           1591137
stall_no_core:     10655668
stall_no_task:      3199653
cum commit_cycles:      253108812 cum_abort_cycles:        9643195
        num_enq   num_deq othercore   cq_full   no_task     what?  no_ready
 1:      421486    441600      7493    351552   1102414         0    594523
 2:      411504    431543     54185    402663   1221346         0    675655
 3:      401639    421673    109391    443197   1423856         0    773475
 4:      392928    410409    172935    502039   1591485         0    892688
 5:      386538    399527    247408    569271   1749238         0   1021690
 6:      377492    386834    339249    624118   1931424         0   1199166
 7:      369159    371931    453084    670300   2139363         0   1418505
 8:      357707    352074    598312    734172   2371344         0   1689786
 9:      343992    330769    781341    803649   2680042         0   2006240
10:      327459    305554    996316    852800   2995108         0   2343224
11:      307486    277413   1238794    895056   3336692         0   2670049
12:      287869    248522   1499977    946943   3726905         0   2961148
13:      265156    219759   1768675    985168   4105465         0   3219610
14:      243329    191629   2030089   1025810   4474855         0   3432147
cum CQ stall cycles 13208320
Completed, flushing cache..
num tasks Tile:0    4789237 Total:  19156948
Tile:0 L2 bank 0
	L2 Read  hits: 13435331 misses:   890205 
	L2 Write hits:  3465195 misses:     9666 
	L2 Evictions :   242756 
	L2 hit-rate 94.94%
	retry:  stall:        0, not_empty:   296598, count:   126058
	stall_in     :    13482
Task Unit Ops 9731041, num_edges 94668
FPGA cycles 26273301  (210.186408 ms) (5.485905 cycles/task/tile)
Read BW    1096.01 MB/s
Write BW    295.67 MB/s
L2 Tag contention 71.18%
L2 accesses per task  3.72
Task Unit contention 37.04%
Flush completed, reading results..
node:16806 excess:11733494 height:  0
