AFI PCI  Vendor ID: 0x1d0f, Device ID 0xf000
File 0x1b00010
File Len 113408512
Write success
Loading code... Success
8 tiles, 12 cores each
Non spec 1
TQ Size 12 CQ Size 7
L2 banks: 1 Ready list size: 16
PCI latency 133 cycles
Spill Alloc 40000000 04000000
Setting Base Addresses
Setting Base Addresses
Setting Base Addresses
Setting Base Addresses
Setting Base Addresses
Setting Base Addresses
Setting Base Addresses
Setting Base Addresses
PCI latency 134 cycles
pc 0
app 1
APP_SSSP
Starting SSSP
PCI latency 133 cycles
mask 7fff
Waiting until SSSP completes
pc 0
iters 230664
Tile 0 core state stats
 0:  41940991   42028774   42146169   42231060   42321902   42445705   42585825   42757695   42976817   43177474   43471473   43735834 
 1:         1          1          1          1          1          1          1          1          1          1          1          1 
 2:        52          7          8          7          7          8          7          8         10          7          9          9 
 3:         1          1          1          1          1          1          1          1          1          1          1          1 
 4:         7          7          7          7          7          8          8          7          7          8          8          7 
 5:         1          1          1          1          1          1          1          1          1          1          1          1 
 6:         7          7          7          7          7          7          7          7          7          8          7          7 
 7:    765102     757978     756492     749437     745323     739804     734405     726137     715934     708259     697552     684350 
 8:   8282056    8237642    8232564    8203005    8189484    8172211    8167094    8138058    8091419    8039293    8006116    7934948 
 9:    311981     311290     309410     307399     305388     303599     300644     297920     294044     290969     285881     281035 
10:   5997207    6014490    5998100    5985147    5964250    5933603    5921055    5882124    5834981    5780325    5726266    5667338 
11:    311981     311290     309410     307399     305388     303599     300644     297920     294044     290969     285881     281035 
12:   9953233    9922240    9860677    9839057    9798241    9761777    9668985    9599408    9529894    9442762    9287977    9172279 
13:    815218     813973     798923     808794     818312     807623     807375     807757     792719     820087     813866     846566 
14:       139          0         69        226          2        101        113         30         50         15        308        121 
15:    765102     757978     756492     749437     745323     739804     734405     726137     715934     708259     697552     684350 
16:         0          0          0          0          0          0          0          0          0          0          0          0 
17:         0          0          0          0          0          0          0          0          0          0          0          0 
18:         0          0          0          0          0          0          0          0          0          0          0          0 
19:         0          0          0          0          0          0          0          0          0          0          0          0 
20:         0          0          0          0          0          0          0          0          0          0          0          0 
21:         0          0          0          0          0          0          0          0          0          0          0          0 
22:         0          0          0          0          0          0          0          0          0          0          0          0 
23:         0          0          0          0          0          0          0          0          0          0          0          0 
24:         0          0          0          0          0          0          0          0          0          0          0          0 
25:         0          0          0          0          0          0          0          0          0          0          0          0 
26:         0          0          0          0          0          0          0          0          0          0          0          0 
27:         0          0          0          0          0          0          0          0          0          0          0          0 
28:         0          0          0          0          0          0          0          0          0          0          0          0 
29:         0          0          0          0          0          0          0          0          0          0          0          0 
30:         0          0          0          0          0          0          0          0          0          0          0          0 
31:         0          0          0          0          0          0          0          0          0          0          0          0 
32:         0          0          0          0          0          0          0          0          0          0          0          0 
33:         0          0          0          0          0          0          0          0          0          0          0          0 
34:         0          0          0          0          0          0          0          0          0          0          0          0 
35:         0          0          0          0          0          0          0          0          0          0          0          0 
36:         0          0          0          0          0          0          0          0          0          0          0          0 
37:         0          0          0          0          0          0          0          0          0          0          0          0 
38:         0          0          0          0          0          0          0          0          0          0          0          0 
39:         0          0          0          0          0          0          0          0          0          0          0          0 
40:         0          0          0          0          0          0          0          0          0          0          0          0 
41:         0          0          0          0          0          0          0          0          0          0          0          0 
42:         0          0          0          0          0          0          0          0          0          0          0          0 
43:         0          0          0          0          0          0          0          0          0          0          0          0 
44:         0          0          0          0          0          0          0          0          0          0          0          0 
45:         0          0          0          0          0          0          0          0          0          0          0          0 
46:         0          0          0          0          0          0          0          0          0          0          0          0 
47:         0          0          0          0          0          0          0          0          0          0          0          0 
48:         0          0          0          0          0          0          0          0          0          0          0          0 
49:         0          0          0          0          0          0          0          0          0          0          0          0 
50:         0          0          0          0          0          0          0          0          0          0          0          0 
51:         0          0          0          0          0          0          0          0          0          0          0          0 
52:         0          0          0          0          0          0          0          0          0          0          0          0 
53:         0          0          0          0          0          0          0          0          0          0          0          0 
54:         0          0          0          0          0          0          0          0          0          0          0          0 
55:         0          0          0          0          0          0          0          0          0          0          0          0 
56:         0          0          0          0          0          0          0          0          0          0          0          0 
57:         0          0          0          0          0          0          0          0          0          0          0          0 
58:         0          0          0          0          0          0          0          0          0          0          0          0 
59:         0          0          0          0          0          0          0          0          0          0          0          0 
60:         0          0          0          0          0          0          0          0          0          0          0          0 
61:         0          0          0          0          0          0          0          0          0          0          0          0 
62:         0          0          0          0          0          0          0          0          0          0          0          0 
63:         0          0          0          0          0          0          0          0          0          0          0          0 
64:         0          0          0          0          0          0          0          0  887908368  887908880  887908880  887909904 
65:         0          0          0          0          0          0          0          0      32766      32766      32766      32766 
66:         0          0          0          0          0          0          0          0 1438376096 1438376096         12 1438376096 
67:         0          0          0          0          0          0          0          0      32591      32591          0      32591 
68:         0          0          0          0          0          0          0          0          0          0         -1          0 
69:         0          0          0          0          0          0          0          0      32766      32766          0      32766 
70:         0          0          0          0          0          0          0          0         -1         -1          0         -1 
71:         0          0          0          0          0          0          0          0         -1         -1          0         -1 
72:         0          0          0          0          0          0          0          0          0          0  887908896          0 
73:         0          0          0          0          0          0          0          0         10         10      32766         10 
74:         0          0          0          0          0          0          0 1434943036          4          4 1434798188          4 
75:         0          0          0          0          0          0          0      32591          0          0      32591          0 
76:         0          0          0          0          0          0          0          3         32         32  805306416         32 
77:         0          0          0          0          0          0          0          0          0          0          0          0 
78:         0          0          0          0          0          0          0 1434943036          0          0         -1          0 
79:  27202088   27126905   27022162   26949925   26871735   26762147   26634745   26475516   26269046   26080964   25801426   25552048 
80:  69143079   69155679   69168331   69180985   69193637   69207852   69220570   69233211   69245863   69258438   69272899   69287882 
81:   1439232    1436560    1417751    1423599    1429095    1414829    1408670    1403605    1478949    1500164    1451169    1506777 
82:      4320      -1242       3117       -435        503       -789        344 1434942111      -1986      -2043 1434798143       -709 
83:   3723440    3798623    3903366    3975603    4053793    4163381    4290783    4450012    4656482    4844564    5124102    5373480 
84:  25758536   25691587   25601294   25526761   25442137   25348107   25225731 -1409870200   24792083   24582843 -1410447886   24045980 
W0:  41156574   41234672   41345965   41411861   41468413   41574950   41695605   41852443   42045282   42228374   42478974   42741091 
W1:         0          0          0          0          0          0          0          0          0          0          0          0 
W2:         0          0          0          0          0          0          0          0          0          0          0          0 
W3:  27202088   27126905   27022162   26949925   26871735   26762147   26634745   26475516   26269046   26080964   25801426   25552048 
W4:         0          0          0          0          0          0          0          0          0          0          0          0 
W5:    784548     794234     800336     819332     853620     870888     890353     905384     931667     949232     994443     994875 
W6:         0          0          0          0          0          0          0          0          0          0          0          0 
W7:         0          0          0          0          0          0          0          0          0          0          0          0 
Tile 0 stats:
STAT_N_UNTIED_ENQ             8789413
STAT_N_DEQ_TASK               8780773
STAT_N_COAL_CHILD                1080
STAT_N_OVERFLOW                  8640
state:0   30747934    state:1      33062    state:2     147456    state:3       8829    
state:4       8771    state:5          0    state:6          0    state:7          0    
Heap enq: 8789413, deq+abort 8780773
Tied_Enq :0, 0
Cum Tasks:   1183970 heap_util:   1196846
avg Tasks:2509.02 heap_util:2536.30
heap enq:  3680621 deq:  3680621 replace:  5109872
cycles deq_valid: 12028303
        num_enq   num_deq othercore   cq_full   no_task     what?  no_ready
 1:      760790    765102         0         0   1744885         0         0
 2:      759228    757978     33294         0   1791336         0         0
 3:      753383    756492     68254         0   1857989         0         0
 4:      749880    749437    105206         0   1888388         0         0
 5:      744828    745323    143552         0   1902172         0         0
 6:      740601    739804    185581         0   1963501         0         0
 7:      734069    734405    243976         0   2023841         0         0
 8:      727070    726137    316619         0   2111932         0         0
 9:      717932    715934    402122         0   2227021         0         1
10:      710315    708259    496661         0   2318348         0         2
11:      697605    697552    609319         0   2461431         0         2
12:      685071    684350    729879         0   2616221         0         2
cum CQ stall cycles 0
Completed, flushing cache..
num tasks Tile:0    8780773 Total:   8780773
Tile:0 L2 bank 0
	L2 Read  hits: 14965876 misses:  2769859 
	L2 Write hits:  3608229 misses:     1253 
	L2 Evictions :   501469 
	L2 hit-rate 87.02%
	retry:  stall:        0, not_empty:   265293, count:    59481
	stall_in     :      568
Task Unit Ops 17580985, num_edges 8778114
FPGA cycles 30925528  (247.404224 ms) (3.521960 cycles/task/tile)
Read BW     716.85 MB/s
Write BW    129.72 MB/s
L2 Tag contention 77.98%
L2 accesses per task  2.43
Task Unit contention 56.85%
Flush completed, reading results..
vid:3598622 dist:5269491, ref:5269491, MATCH, num_errors: 0
Total Errors 0 / 3598623
