AFI PCI  Vendor ID: 0x1d0f, Device ID 0xf000
File 0x621010
File Len 754035136
Write success
Loading code... Success
8 tiles, 12 cores each
Non spec 0
TQ Size 12 CQ Size 6
L2 banks: 1 Ready list size: 16
PCI latency 132 cycles
Spill Alloc 40000000 04000000
Setting Base Addresses
Setting Base Addresses
Setting Base Addresses
Setting Base Addresses
Setting Base Addresses
Setting Base Addresses
Setting Base Addresses
Setting Base Addresses
PCI latency 134 cycles
pc 0
app 1
APP_SSSP
Starting SSSP
PCI latency 132 cycles
mask 7fff
Waiting until SSSP completes
pc 0
iters 283813
Tile 0 core state stats
 0:  49092554   49923154   50734433   51447481   52144511   52901751   53709226   54627048   55651150   56734203   57884472   59078829 
 1:     17369       9304       6360       5084       4548       4054       3827       3667       3620       3339       3207       3049 
 2:    124626      67596      47087      38217      34698      31333      30607      30267      30440      28881      28710      28286 
 3:     16724       9025       6201       4985       4473       3997       3771       3632       3568       3299       3178       3009 
 4:    119400      65852      46179      38371      35505      32875      31545      31250      30952      28960      28167      26735 
 5:     16408       8872       6087       4916       4427       3967       3736       3587       3525       3266       3151       2984 
 6:    122446      68511      48344      39564      36530      32914      31449      30129      29775      27614      26480      25211 
 7:    787573     749521     719228     690323     663877     636808     610639     581150     548251     514371     478570     441710 
 8:   7698010    7434350    7183059    6950754    6769891    6571064    6382279    6133433    5864203    5569293    5266779    4940755 
 9:    308323     300524     291711     283191     273917     263017     251322     239988     226383     212764     198295     183488 
10:   5898580    5798936    5663132    5551147    5388863    5247670    5064979    4851681    4623783    4365014    4096308    3786737 
11:    305753     298858     290385     282090     272909     262097     250413     239083     225521     211942     197526     182793 
12:   9591313    9411522    9150489    8903780    8652821    8347436    8013174    7662435    7252222    6847563    6389509    5956428 
13:    794208     790577     784377     777755     773579     762559     753608     744924     734165     723486     717905     711485 
14:       337        439        314        144        359        510         68        276        372        141        175        247 
15:    772099     741210     713537     685720     659727     633109     607146     577781     544978     511326     475599     438951 
16:         0          0          0          0          0          0          0          0          0          0          0          0 
17:         0          0          0          0          0          0          0          0          0          0          0          0 
18:         0          0          0          0          0          0          0          0          0          0          0          0 
19:         0          0          0          0          0          0          0          0          0          0          0          0 
20:         0          0          0          0          0          0          0          0          0          0          0          0 
21:         0          0          0          0          0          0          0          0          0          0          0          0 
22:         0          0          0          0          0          0          0          0          0          0          0          0 
23:         0          0          0          0          0          0          0          0          0          0          0          0 
24:         0          0          0          0          0          0          0          0          0          0          0          0 
25:         0          0          0          0          0          0          0          0          0          0          0          0 
26:         0          0          0          0          0          0          0          0          0          0          0          0 
27:         0          0          0          0          0          0          0          0          0          0          0          0 
28:         0          0          0          0          0          0          0          0          0          0          0          0 
29:         0          0          0          0          0          0          0          0          0          0          0          0 
30:         0          0          0          0          0          0          0          0          0          0          0          0 
31:         0          0          0          0          0          0          0          0          0          0          0          0 
32:         0          0          0          0          0          0          0          0          0          0          0          0 
33:         0          0          0          0          0          0          0          0          0          0          0          0 
34:         0          0          0          0          0          0          0          0          0          0          0          0 
35:         0          0          0          0          0          0          0          0          0          0          0          0 
36:         0          0          0          0          0          0          0          0          0          0          0          0 
37:         0          0          0          0          0          0          0          0          0          0          0          0 
38:         0          0          0          0          0          0          0          0          0          0          0          0 
39:         0          0          0          0          0          0          0          0          0          0          0          0 
40:         0          0          0          0          0          0          0          0          0          0          0          0 
41:         0          0          0          0          0          0          0          0          0          0          0          0 
42:         0          0          0          0          0          0          0          0          0          0          0          0 
43:         0          0          0          0          0          0          0          0          0          0          0          0 
44:         0          0          0          0          0          0          0          0          0          0          0          0 
45:         0          0          0          0          0          0          0          0          0          0          0          0 
46:         0          0          0          0          0          0          0          0          0          0          0          0 
47:         0          0          0          0          0          0          0          0          0          0          0          0 
48:         0          0          0          0          0          0          0          0          0          0          0          0 
49:         0          0          0          0          0          0          0          0          0          0          0          0 
50:         0          0          0          0          0          0          0          0          0          0          0          0 
51:         0          0          0          0          0          0          0          0          0          0          0          0 
52:         0          0          0          0          0          0          0          0          0          0          0          0 
53:         0          0          0          0          0          0          0          0          0          0          0          0 
54:         0          0          0          0          0          0          0          0          0          0          0          0 
55:         0          0          0          0          0          0          0          0          0          0          0          0 
56:         0          0          0          0          0          0          0          0          0          0          0          0 
57:         0          0          0          0          0          0          0          0          0          0          0          0 
58:         0          0          0          0          0          0          0          0          0          0          0          0 
59:         0          0          0          0          0          0          0          0          0          0          0          0 
60:         0          0          0          0          0          0          0          0          0          0          0          0 
61:         0          0          0          0          0          0          0          0          0          0          0          0 
62:         0          0          0          0          0          0          0          0          0          0          0          0 
63:         0          0          0          0          0          0          0          0          0          0          0          0 
64:         0          0          0          0          0          0          0          0  926024160  926024672  926024672  926025696 
65:         0          0          0          0          0          0          0          0      32765      32765      32765      32765 
66:         0          0          0          0          0          0          0          0   -4644704   -4644704         12   -4644704 
67:         0          0          0          0          0          0          0          0      32721      32721          0      32721 
68:         0          0          0          0          0          0          0          0          0          0         -1          0 
69:         0          0          0          0          0          0          0          0      32765      32765          0      32765 
70:         0          0          0          0          0          0          0          0         -1         -1          0         -1 
71:         0          0          0          0          0          0          0          0         -1         -1          0         -1 
72:         0          0          0          0          0          0          0          0          0          0  926024688          0 
73:         0          0          0          0          0          0          0          0         10         10      32765         10 
74:         0          0          0          0          0          0          0   -8077764          4          4   -8222612          4 
75:         0          0          0          0          0          0          0      32721          0          0      32721          0 
76:         0          0          0          0          0          0          0          3         32         32  805306416         32 
77:         0          0          0          0          0          0          0          0          0          0          0          0 
78:         0          0          0          0          0          0          0   -8077764          0          0         -1          0 
79:  26573169   25755097   24956490   24256041   23576124   22833410   22038563   21133283   20121758   19051259   17913559   16731868 
80:  75665723   75678251   75690923   75703522   75720635   75735161   75747789   75760331   75772908   75785462   75798031   75810697 
81:   1532910    1457555    1413560    1381253    1355103    1319006    1285950    1254262    1314769    1275333    1207966    1204312 
82:    188280     103798      70107      51216      41898      37685      38432   -8043622      33513      30632   -8194463      25475 
83:  11208218   12026290   12824897   13525346   14205263   14947977   15742824   16648104   17659629   18730128   19867828   21049519 
84:  24851979   24193744   23472823   22823572   22179123   21476719   20714181   27922643   18773476   17745294   24900056   15502081 
W0:  46509033   47501510   48407807   49199821   49958796   50783117   51651502   52635535   53737610   54901596   56135013   57418404 
W1:    789355     750423     719801     690703     664148     637028     610860     581336     548482     514542     478728     441860 
W2:    789355     750423     719801     690703     664148     637028     610860     581336     548482     514542     478728     441860 
W3:  26573169   25755097   24956490   24256041   23576124   22833410   22038563   21133283   20121758   19051259   17913559   16731868 
W4:     17150       9357       6504       5294       4901       4398       4211       4205       4134       3952       3983       3778 
W5:    833710     815142     804841     797417     792052     786831     783934     777492     767874     758705     749639     735932 
W6:     19222      10624       7501       5838       5337       4718       4504       4365       4148       3927       3753       3533 
W7:    134860      85808      68310      57838      55261      48763      43487      42911      40551      37070      34761      33595 
Tile 0 stats:
STAT_N_UNTIED_ENQ               82412
STAT_N_TIED_ENQ_ACK           7239574
STAT_N_TIED_ENQ_NACK                0
STAT_N_DEQ_TASK               7427266
STAT_N_SPLITTER_DEQ                 0
STAT_N_DEQ_MISMATCH             28849
STAT_N_CUT_TIES_MATCH         7182998
STAT_N_CUT_TIES_MISMATCH        26172
STAT_N_CUT_TIES_COM_ABO           721
STAT_N_COMMIT_TIED              26894
STAT_N_COMMIT_UNTIED          7264688
STAT_N_COMMIT_MISMATCH              0
STAT_N_ABORT_CHILD_DEQ           1587
STAT_N_ABORT_CHILD_NOT_DEQ      28817
STAT_N_ABORT_CHILD_MISMATCH         0
STAT_N_ABORT_TASK              134218
STAT_N_COAL_CHILD                   0
STAT_N_OVERFLOW                     0
state:0   37803163    state:1          0    state:2          0    state:3          0    
state:4          0    state:5          0    state:6          0    state:7          0    
Heap enq: 7456204, deq+abort 7456083
Tied_Enq :7239574, 7239575
Cum Tasks:    458099 heap_util:    422530
avg Tasks:794.62 heap_util:732.93
heap enq:  4601854 deq:  4601854 replace:  2854350
cycles deq_valid: 26972413
CQ stats 
state:0   28891161    state:1     848830    state:2      16967    state:3     402643    
state:4      39499    state:5    7581749    state:6          0    state:7          0    
aborts: resource:152986, gvt:0
cycles in aborts: resource:1332314, gvt:0
stall cycles: cq_full: 19725703, cc_full:   757907, no_task:   980704
ttype:0 deq:  7427266 commit:  7291582
ttype:1 deq:        0 commit:        0
ttype:2 deq:        0 commit:        0
ttype:3 deq:        0 commit:        0
ttype:4 deq:        0 commit:        0
conflict none:0 bypass:0 miss:0 real:0
useful work:       14586096
aborted work:        727545
conflict checks:     848830
stall_cq:          19725703
stall_no_core:       912390
stall_no_task:       980823
cum commit_cycles:      279387331 cum_abort_cycles:        2629612
CQ occ (         0   37237948) , 63.079438
        num_enq   num_deq othercore   cq_full   no_task     what?  no_ready
 1:      738147    789355     16835   6021346   1007892         0         0
 2:      723106    750423    196086   6619956   1287842         0         0
 3:      703552    719801    384153   7109656   1564945         0         0
 4:      683587    690703    578646   7483548   1834170         0         0
 5:      662936    664148    784046   7809754   2097537         0         0
 6:      636004    637028   1009009   8169181   2377182         0         0
 7:      607392    610860   1261951   8519455   2682059         0         0
 8:      580724    581336   1566013   8887276   3040715         0         0
 9:      548042    548482   1910726   9294830   3443655         0         0
10:      514623    514542   2278211   9715492   3874820         0         0
11:      480052    478728   2667133  10163275   4330589         0         0
12:      444434    441860   3073711  10620222   4811525         0         0
cum CQ stall cycles 128333056
Completed, flushing cache..
num tasks Tile:0    7427266 Total:  59418128
Tile:0 L2 bank 0
	L2 Read  hits: 13048999 misses:  2087067 
	L2 Write hits:  3071597 misses:      100 
	L2 Evictions :   334459 
	L2 hit-rate 88.54%
	retry:  stall:        0, not_empty:   479592, count:   167876
	stall_in     :     1110
Task Unit Ops 14749865, num_edges 58333344
FPGA cycles 37781387  (302.251096 ms) (5.086850 cycles/task/tile)
Read BW    3535.57 MB/s
Write BW    566.56 MB/s
L2 Tag contention 53.72%
L2 accesses per task  2.45
Task Unit contention 39.04%
Flush completed, reading results..
vid:13458242 dist:30004313, ref:30002419, FAIL, num_errors: 1
vid:13458244 dist:30014434, ref:30013573, FAIL, num_errors: 2
vid:13458245 dist:30016180, ref:30015319, FAIL, num_errors: 3
vid:13458246 dist:30014481, ref:30013620, FAIL, num_errors: 4
vid:13458247 dist:30030074, ref:30029213, FAIL, num_errors: 5
vid:13458248 dist:30030423, ref:30029562, FAIL, num_errors: 6
vid:13458249 dist:30037024, ref:30036163, FAIL, num_errors: 7
vid:13458250 dist:30043332, ref:30042471, FAIL, num_errors: 8
vid:13458251 dist:30045383, ref:30044522, FAIL, num_errors: 9
vid:23947346 dist:23228284, ref:23228284, MATCH, num_errors:112
Total Errors 112 / 23947347
