AFI PCI  Vendor ID: 0x1d0f, Device ID 0xf000
File 0xc2a010
File Len 47057792
Write success
Loading code... Success
8 tiles, 12 cores each
Non spec 2
TQ Size 15 CQ Size 7
L2 banks: 2 Ready list size: 16
PCI latency 132 cycles
Spill Alloc 40000000 04000000
Setting Base Addresses
Setting Base Addresses
Setting Base Addresses
Setting Base Addresses
Setting Base Addresses
Setting Base Addresses
Setting Base Addresses
Setting Base Addresses
PCI latency 132 cycles
pc 0
app 4
APP_COLOR
Starting SSSP
PCI latency 132 cycles
mask 7fff
Waiting until SSSP completes
pc 0
iters 51324
Tile 0 core state stats
 0:  39400535   39476192   39616296   39740120   39890255   40045690   40187640   40341030   40486828   40651463   40775203   40913721 
 1:         1          1          1          1          1          1          1          1          1          1          1          1 
 2:        69         22         22         22         22         22         22         22         22         22         22         22 
 3:    122176     121231     125039     123369     123629     122731     120665     119701     117151     117706     115488     115124 
 4:      8828       7901       7560       6840       6288       5979       5382       5136       4731       4813       4553       4354 
 5:    151975     151865     158018     155507     151308     149804     141746     139718     135050     136459     134103     130827 
 6:     23781      23055      24609      24529      24619      24664      24047      24211      23306      24600      23951      24088 
 7:    494899     484341     518296     526968     528257     533943     529320     536093     528126     550527     545981     550904 
 8:     50582      49599      52215      52209      52271      52467      51357      51653      50342      52202      51162      51154 
 9:   1288048    1296613    1330860    1339417    1332264    1345079    1336806    1342432    1340039    1348994    1356316    1342147 
10:    119991     123897     121737     122864     120665     123068     124112     123760     125849     121081     123185     119702 
11:   2253912    2306425    2271039    2269566    2272496    2288286    2339968    2346502    2361560    2285886    2326392    2293634 
12:    119991     123897     121737     122864     120665     123068     124112     123760     125849     121081     123185     119702 
13:     23781      23055      24609      24529      24619      24664      24047      24211      23306      24600      23951      24088 
14:    575116     567409     606747     606268     607604     614111     598902     602155     590861     615150     597382     610575 
15:     23781      23055      24609      24529      24619      24664      24047      24211      23306      24600      23951      24088 
16:      2027       2034       2186       2163       2174       2165       2144       2191       2058       2145       2000       2059 
17:     30116      29819      29694      28902      28560      28188      27498      26938      26507      26044      25703      25561 
18:    218697     217334     217298     211888     210241     207616     203150     199826     196869     194186     192752     192317 
19:     30116      29819      29694      28902      28560      28188      27498      26938      26507      26044      25703      25561 
20:     30116      29819      29694      28902      28560      28188      27498      26938      26507      26044      25703      25561 
21:    815867     820982     801275     789789     783362     768077     752995     725776     713831     696233     682414     678596 
22:     30116      29819      29694      28902      28560      28188      27498      26938      26507      26044      25703      25561 
23:     30116      29819      29694      28902      28560      28188      27498      26938      26507      26044      25703      25561 
24:   1827782    1808113    1770196    1731411    1707669    1662424    1638755    1589797    1571820    1549684    1515490    1506276 
25:    172396     168571     160206     157795     154623     148572     145000     142252     140883     137180     136377     133809 
26:   3771101    3657770    3422396    3358153    3247830    3146633    3058294    3002895    2955027    2881950    2858481    2792882 
27:    142758     139464     131353     130135     127731     122250     119805     117574     117012     113701     113498     111803 
28:     59451      60456      63176      63098      64162      63900      63738      63416      62607      62249      61281      61121 
29:   2226049    2251896    2334722    2340408    2357700    2350416    2353411    2338002    2310389    2305766    2253755    2251775 
30:     59451      60456      63176      63098      64162      63900      63738      63416      62607      62249      61281      61121 
31:     91337      93244      98332      98432     100451     101123     100390     100296      99971      99215      98450      98780 
32:     21651      22058      22501      22535      22810      22527      22432      22222      21782      21629      21148      20819 
33:    122176     121231     125039     123369     123629     122731     120665     119701     117151     117706     115488     115124 
34:         0          0          0          0          0          0          0          0          0          0          0          0 
35:         0          0          0          0          0          0          0          0          0          0          0          0 
36:         0          0          0          0          0          0          0          0          0          0          0          0 
37:         0          0          0          0          0          0          0          0          0          0          0          0 
38:         0          0          0          0          0          0          0          0          0          0          0          0 
39:         0          0          0          0          0          0          0          0          0          0          0          0 
40:         0          0          0          0          0          0          0          0          0          0          0          0 
41:         0          0          0          0          0          0          0          0          0          0          0          0 
42:         0          0          0          0          0          0          0          0          0          0          0          0 
43:         0          0          0          0          0          0          0          0          0          0          0          0 
44:         0          0          0          0          0          0          0          0          0          0          0          0 
45:         0          0          0          0          0          0          0          0          0          0          0          0 
46:         0          0          0          0          0          0          0          0          0          0          0          0 
47:         0          0          0          0          0          0          0          0          0          0          0          0 
48:         0          0          0          0          0          0          0          0          0          0          0          0 
49:         0          0          0          0          0          0          0          0          0          0          0          0 
50:         0          0          0          0          0          0          0          0          0          0          0          0 
51:         0          0          0          0          0          0          0          0          0          0          0          0 
52:         0          0          0          0          0          0          0          0          0          0          0          0 
53:         0          0          0          0          0          0          0          0          0          0          0          0 
54:         0          0          0          0          0          0          0          0          0          0          0          0 
55:         0          0          0          0          0          0          0          0          0          0          0          0 
56:         0          0          0          0          0          0          0          0          0          0          0          0 
57:         0          0          0          0          0          0          0          0          0          0          0          0 
58:         0          0          0          0          0          0          0          0          0          0          0          0 
59:         0          0          0          0          0          0          0          0          0          0          0          0 
60:         0          0          0          0          0          0          0          0          0          0          0          0 
61:         0          0          0          0          0          0          0          0          0          0          0          0 
62:         0          0          0          0          0          0          0          0          0          0          0          0 
63:         0          0          0          0          0          0          0          0          0          0          0          0 
64:         0          0          0          0          0          0          0          0 -1252276960 -1252276448 -1252276448 -1252275424 
65:         0          0          0          0          0          0          0          0      32766      32766      32766      32766 
66:         0          0          0          0          0          0          0          0 1872019616 1872019616         12 1872019616 
67:         0          0          0          0          0          0          0          0      32579      32579          0      32579 
68:         0          0          0          0          0          0          0          0          0          0         -1          0 
69:         0          0          0          0          0          0          0          0      32766      32766          0      32766 
70:         0          0          0          0          0          0          0          0         -1         -1          0         -1 
71:         0          0          0          0          0          0          0          0         -1         -1          0         -1 
72:         0          0          0          0          0          0          0          0          0          0 -1252276432          0 
73:         0          0          0          0          0          0          0          0         10         10      32766         10 
74:         0          0          0          0          0          0          0 1868586556          4          4 1868441708          4 
75:         0          0          0          0          0          0          0      32579          0          0      32579          0 
76:         0          0          0          0          0          0          0          3         32         32  805306416         32 
77:         0          0          0          0          0          0          0          0          0          0          0          0 
78:         0          0          0          0          0          0          0 1868586556          0          0         -1          0 
79:  14938254   14875070   14747424   14636266   14498671   14355825   14226541   14085620   13954041   13801835   13690553   13564697 
80:  54338789   54351262   54363720   54376386   54388926   54401515   54414181   54426650   54440869   54453298   54465756   54478418 
81:   6238000    6320695    6404217    6411342    6422924    6437269    6475305    6467294    6544455    6469577    6427689    6408621 
82:    476963     484172     539113     556575     563308     577504     574278 1869169701     576553     601602 1869039728     604356 
83:   1186842    1250026    1377672    1488830    1626425    1769271    1898555    2039476    2171055    2323261    2434543    2560399 
84:   8223291    8070203    7804094    7668349    7512439    7341052    7176958 -1861551375    6833033    6730656 -1861776864    6551720 
W0:  38673239   38749679   38855392   38979640   39118577   39274886   39423045   39575284   39733442   39888513   40023044   40157471 
W1:         0          0          0          0          0          0          0          0          0          0          0          0 
W2:         0          0          0          0          0          0          0          0          0          0          0          0 
W3:  14938254   14875070   14747424   14636266   14498671   14355825   14226541   14085620   13954041   13801835   13690553   13564697 
W4:         0          0          0          0          0          0          0          0          0          0          0          0 
W5:    122210     123546     129685     130899     134826     136720     137594     140913     141817     148120     149490     154071 
W6:    520581     518333     542321     540921     547055     544574     538367     536420     525003     527481     517125     516745 
W7:     84635      84764      89032      88793      89929      89642      88764      88544      86696      87480      85677      85564 
Tile 0 stats:
STAT_N_UNTIED_ENQ             1444010
STAT_N_DEQ_TASK               1444010
STAT_N_COAL_CHILD                   0
STAT_N_OVERFLOW                     0
state:0          0    state:1          0    state:2          0    state:3          0    
state:4          0    state:5          0    state:6          0    state:7          0    
Heap enq: 1444010, deq+abort 1444010
Tied_Enq :0, 0
Cum Tasks:         0 heap_util:         0
avg Tasks: 0.00 heap_util: 0.00
heap enq:        0 deq:        0 replace:        0
cycles deq_valid:  7992908
        num_enq   num_deq othercore   cq_full   no_task     what?  no_ready
 1:      253924    122176         0         0    547498         0         0
 2:      234727    121231      3663         0    609692         0         0
 3:      221198    125039      8501         0    690489         0         0
 4:      208233    123369     14826         0    799087         0         0
 5:      197996    123629     22577         0    917214         0         0
 6:      187283    122731     31951         0   1053356         0         0
 7:      175831    120665     41598         0   1183336         0         0
 8:      170753    119701     52938         0   1313693         0         0
 9:      162947    117151     65283         0   1450388         0         0
10:      162076    117706     77725         0   1579477         0         0
11:      157421    115488     90400         0   1693309         0         0
12:      152589    115124    103153         0   1803052         0         0
cum CQ stall cycles 0
Completed, flushing cache..
num tasks Tile:0    1444010 Total:   5776040
Tile:0 L2 bank 0
	L2 Read  hits:  2455219 misses:   729920 
	L2 Write hits:   902837 misses:    67093 
	L2 Evictions :   242334 
	L2 hit-rate 80.82%
	retry:  stall:       31, not_empty:  3668243, count:  2629318
	stall_in     :      810
Tile:0 L2 bank 1
	L2 Read  hits:  2426070 misses:   726427 
	L2 Write hits:   896938 misses:    67222 
	L2 Evictions :   241536 
	L2 hit-rate 80.72%
	retry:  stall:       43, not_empty:  3693295, count:  2655864
	stall_in     :     1513
Task Unit Ops 3728988, num_edges 5975248
FPGA cycles 16125096  (129.000768 ms) (11.166887 cycles/task/tile)
Read BW    3156.64 MB/s
Write BW    960.23 MB/s
L2 Tag contention 30.58%
L2 accesses per task  5.73
Task Unit contention 23.13%
Flush completed, reading results..
Total Errors 0 / 1157828
