AFI PCI  Vendor ID: 0x1d0f, Device ID 0xf000
File 0x1167250
File Len 47057792
Write success
Loading code 0x1167010
Loading code... Success
8 tiles, 8 cores each
Non spec 1
TQ Size 12 CQ Size 7
L2 banks: 1 Ready list size: 16
PCI latency 131 cycles
Spill Alloc 40000000 04000000
Setting Base Addresses
Setting Base Addresses
Setting Base Addresses
Setting Base Addresses
Setting Base Addresses
Setting Base Addresses
Setting Base Addresses
Setting Base Addresses
PCI latency 133 cycles
pc 80000000
app 4
APP_COLOR
Starting SSSP
PCI latency 132 cycles
mask 1fff
Waiting until SSSP completes
pc 800001c4
iters 1051604
Tile 0 core state stats
 0:-2147483196          0          0          0          0          0          0          0 
 1:-2147483196          0          0          0          0          0          0          0 
 2:-2147483196          0          0          0          0          0          0          0 
 3:-2147483196          0          0          0          0          0          0          0 
 4:-2147483196          0          0          0          0          0          0          0 
 5:-2147483196          0          0          0          0          0          0          0 
 6:-2147483196          0          0          0          0          0          0          0 
 7:-2147483196          0          0          0          0          0          0          0 
 8:-2147483196          0          0          0          0          0          0          0 
 9:-2147483196          0          0          0          0          0          0          0 
10:-2147483196          0          0          0          0          0          0          0 
11:-2147483196          0          0          0          0          0          0          0 
12:-2147483196          0          0          0          0          0          0          0 
13:-2147483196          0          0          0          0          0          0          0 
14:-2147483196          0          0          0          0          0          0          0 
15:-2147483196          0          0          0          0          0          0          0 
16:-2147483196          0          0          0          0          0          0          0 
17:-2147483196          0          0          0          0          0          0          0 
18:-2147483196          0          0          0          0          0          0          0 
19:-2147483196          0          0          0          0          0          0          0 
20:-2147483196          0          0          0          0          0          0          0 
21:-2147483196          0          0          0          0          0          0          0 
22:-2147483196          0          0          0          0          0          0          0 
23:-2147483196          0          0          0          0          0          0          0 
24:-2147483196          0          0          0          0          0          0          0 
25:-2147483196          0          0          0          0          0          0          0 
26:-2147483196          0          0          0          0          0          0          0 
27:-2147483196          0          0          0          0          0          0          0 
28:-2147483196          0          0          0          0          0          0          0 
29:-2147483196          0          0          0          0          0          0          0 
30:-2147483196          0          0          0          0          0          0          0 
31:-2147483196          0          0          0          0          0          0          0 
32:-2147483196          0          0          0          0          0          0          0 
33:-2147483196          0          0          0          0          0          0          0 
34:-2147483196          0          0          0          0          0          0          0 
35:-2147483196          0          0          0          0          0          0          0 
36:-2147483196          0          0          0          0          0          0          0 
37:-2147483196          0          0          0          0          0          0          0 
38:-2147483196          0          0          0          0          0          0          0 
39:-2147483196          0          0          0          0          0          0          0 
40:-2147483196          0          0          0          0          0          0          0 
41:-2147483196          0          0          0          0          0          0          0 
42:-2147483196          0          0          0          0          0          0          0 
43:-2147483196          0          0          0          0          0          0          0 
44:-2147483196          0          0          0          0          0          0          0 
45:-2147483196          0          0          0          0          0          0          0 
46:-2147483196          0          0          0          0          0          0          0 
47:-2147483196          0          0          0          0          0          0          0 
48:-2147483196          0          0          0          0          0          0          0 
49:-2147483196          0          0          0          0          0          0          0 
50:-2147483196          0          0          0          0          0          0          0 
51:-2147483196          0          0          0          0          0          0          0 
52:-2147483196          0          0          0          0          0          0          0 
53:-2147483196          0          0          0          0          0          0          0 
54:-2147483196          0          0          0          0          0          0          0 
55:-2147483196          0          0          0          0          0          0          0 
56:-2147483196          0          0          0          0          0          0          0 
57:-2147483196          0          0          0          0          0          0          0 
58:-2147483196          0          0          0          0          0          0          0 
59:-2147483196          0          0          0          0          0          0          0 
60:-2147483196          0          0          0          0          0          0          0 
61:-2147483196          0          0          0          0          0          0          0 
62:-2147483196          0          0          0          0          0          0          0 
63:-2147483196          0          0          0          0          0          0          0 
64:         0          0          0          0          0          0          0          0 
65:         0          0          0          0          0          0          0          0 
66:         0          0          0          0          0          0          0 1630965308 
67:         0          0          0          0          0          0          0      32597 
68:         0          0          0          0          0          0          0          3 
69:         0          0          0          0          0          0          0          0 
70:         0          0          0          0          0          0          0 1630965308 
71:         0          0          0          0          0          0          0      32597 
72:         0          0          0          0          0          0          0          3 
73:         0          0          0          0          0          0          0          0 
74:         0          0          0          0          0          0          0 1641981546 
75:         0          0          0          0          0          0          0      32597 
76:         0          0          0          0          0          0          0 -1351814080 
77:         0          0          0          0          0          0          0      32767 
78:         0          0          0          0          0          0          0 1641981546 
79:-2147455172          0          0          0          0          0          0          0 
80:     28928          0          0          0          0          0          0          0 
81:-2147477772          0          0          0          0          0          0      65194 
82:   -713745    -714782    -700933    -697675    -685307    -678384    -673498 1641309122 
83:-2008896636  138615488  138615488  138615488  138615488  138615488  138615488  138615488 
84:    736345     714782     700933     697675     685307     678384     673498 -1641374316 
W0:-2147483196          0          0          0          0          0          0          0 
W1:-2147483196          0          0          0          0          0          0          0 
W2:-2147483196          0          0          0          0          0          0          0 
W3:-2147483196          0          0          0          0          0          0          0 
W4:-2147483196          0          0          0          0          0          0          0 
W5:-2147483196          0          0          0          0          0          0          0 
W6:-2147483196          0          0          0          0          0          0          0 
W7:-2147483196          0          0          0          0          0          0          0 
Tile 0 stats:
STAT_N_UNTIED_ENQ             5553085
STAT_N_DEQ_TASK               5540365
STAT_N_COAL_CHILD                1590
STAT_N_OVERFLOW                 12720
state:0  137169356    state:1      16067    state:2     217088    state:3      12871    
state:4      12892    state:5          0    state:6          0    state:7          0    
Heap enq: 5553085, deq+abort 5540365
Tied_Enq :0, 0
Cum Tasks:   3119861 heap_util:   3491741
avg Tasks:1475.04 heap_util:1650.86
heap enq:  4093426 deq:  4093426 replace:  1461249
cycles deq_valid:116096857
        num_enq   num_deq othercore   cq_full   no_task     what?  no_ready
 1:      717361    682964         0         0    442434         0         0
 2:      714782    682494      2185         0    436199         0         0
 3:      700933    693531      4700         0    416389         0         0
 4:      697675    693491      7380         0    416771         0         0
 5:      685307    695199     10475         0    440914         0         0
 6:      678384    697492     13887         0    437648         0         0
 7:      673498    695291     17645         0    469250         0         0
 8:      672424    699903     21787         0    473870         0         0
cum CQ stall cycles 0
Completed, flushing cache..
num tasks Tile:0    5540365 Total:   5540365
Tile:0 L2 bank 0
	L2 Read  hits: 41812812 misses:  7550769 
	L2 Write hits:  7648071 misses:   657520 
	L2 Evictions :  2579814 
	L2 hit-rate 85.77%
	retry:  stall:        1, not_empty:  9469756, count:  5718640
	stall_in     :      565
Task Unit Ops 11109349, num_edges 5975248
FPGA cycles 138615488  (1108.923904 ms) (25.019198 cycles/task/tile)
Read BW     473.73 MB/s
Write BW    148.89 MB/s
L2 Tag contention 47.53%
L2 accesses per task 10.41
Task Unit contention  8.01%
Flush completed, reading results..
Error at vid:974811 color:   -1
Total Errors 1 / 1157828
