AFI PCI  Vendor ID: 0x1d0f, Device ID 0xf000
File 0x9d6250
File Len 754035136
Write success
Loading code 0x9d6010
Loading code... Success
8 tiles, 8 cores each
Non spec 1
TQ Size 12 CQ Size 7
L2 banks: 1 Ready list size: 16
PCI latency 132 cycles
Spill Alloc 40000000 04000000
Setting Base Addresses
Setting Base Addresses
Setting Base Addresses
Setting Base Addresses
Setting Base Addresses
Setting Base Addresses
Setting Base Addresses
Setting Base Addresses
PCI latency 133 cycles
pc 80000000
app 1
APP_SSSP
Starting SSSP
PCI latency 131 cycles
mask 7fff
Waiting until SSSP completes
pc 800000e4
iters 1270534
Tile 0 core state stats
 0:-2147483420          0          0          0          0          0          0          0 
 1:-2147483420          0          0          0          0          0          0          0 
 2:-2147483420          0          0          0          0          0          0          0 
 3:-2147483420          0          0          0          0          0          0          0 
 4:-2147483420          0          0          0          0          0          0          0 
 5:-2147483420          0          0          0          0          0          0          0 
 6:-2147483420          0          0          0          0          0          0          0 
 7:-2147483420          0          0          0          0          0          0          0 
 8:-2147483420          0          0          0          0          0          0          0 
 9:-2147483420          0          0          0          0          0          0          0 
10:-2147483420          0          0          0          0          0          0          0 
11:-2147483420          0          0          0          0          0          0          0 
12:-2147483420          0          0          0          0          0          0          0 
13:-2147483420          0          0          0          0          0          0          0 
14:-2147483420          0          0          0          0          0          0          0 
15:-2147483420          0          0          0          0          0          0          0 
16:-2147483420          0          0          0          0          0          0          0 
17:-2147483420          0          0          0          0          0          0          0 
18:-2147483420          0          0          0          0          0          0          0 
19:-2147483420          0          0          0          0          0          0          0 
20:-2147483420          0          0          0          0          0          0          0 
21:-2147483420          0          0          0          0          0          0          0 
22:-2147483420          0          0          0          0          0          0          0 
23:-2147483420          0          0          0          0          0          0          0 
24:-2147483420          0          0          0          0          0          0          0 
25:-2147483420          0          0          0          0          0          0          0 
26:-2147483420          0          0          0          0          0          0          0 
27:-2147483420          0          0          0          0          0          0          0 
28:-2147483420          0          0          0          0          0          0          0 
29:-2147483420          0          0          0          0          0          0          0 
30:-2147483420          0          0          0          0          0          0          0 
31:-2147483420          0          0          0          0          0          0          0 
32:-2147483420          0          0          0          0          0          0          0 
33:-2147483420          0          0          0          0          0          0          0 
34:-2147483420          0          0          0          0          0          0          0 
35:-2147483420          0          0          0          0          0          0          0 
36:-2147483420          0          0          0          0          0          0          0 
37:-2147483420          0          0          0          0          0          0          0 
38:-2147483420          0          0          0          0          0          0          0 
39:-2147483420          0          0          0          0          0          0          0 
40:-2147483420          0          0          0          0          0          0          0 
41:-2147483420          0          0          0          0          0          0          0 
42:-2147483420          0          0          0          0          0          0          0 
43:-2147483420          0          0          0          0          0          0          0 
44:-2147483420          0          0          0          0          0          0          0 
45:-2147483420          0          0          0          0          0          0          0 
46:-2147483420          0          0          0          0          0          0          0 
47:-2147483420          0          0          0          0          0          0          0 
48:-2147483420          0          0          0          0          0          0          0 
49:-2147483420          0          0          0          0          0          0          0 
50:-2147483420          0          0          0          0          0          0          0 
51:-2147483420          0          0          0          0          0          0          0 
52:-2147483420          0          0          0          0          0          0          0 
53:-2147483420          0          0          0          0          0          0          0 
54:-2147483420          0          0          0          0          0          0          0 
55:-2147483420          0          0          0          0          0          0          0 
56:-2147483420          0          0          0          0          0          0          0 
57:-2147483420          0          0          0          0          0          0          0 
58:-2147483420          0          0          0          0          0          0          0 
59:-2147483420          0          0          0          0          0          0          0 
60:-2147483420          0          0          0          0          0          0          0 
61:-2147483420          0          0          0          0          0          0          0 
62:-2147483420          0          0          0          0          0          0          0 
63:-2147483420          0          0          0          0          0          0          0 
64:         0          0          0          0          0          0          0          0 
65:         0          0          0          0          0          0          0          0 
66:         0          0          0          0          0          0          0  -71504324 
67:         0          0          0          0          0          0          0      32660 
68:         0          0          0          0          0          0          0          3 
69:         0          0          0          0          0          0          0          0 
70:         0          0          0          0          0          0          0  -71504324 
71:         0          0          0          0          0          0          0      32660 
72:         0          0          0          0          0          0          0          3 
73:         0          0          0          0          0          0          0          0 
74:         0          0          0          0          0          0          0  -60488086 
75:         0          0          0          0          0          0          0      32660 
76:         0          0          0          0          0          0          0  -45748032 
77:         0          0          0          0          0          0          0      32765 
78:         0          0          0          0          0          0          0  -60488086 
79:-2147469284          0          0          0          0          0          0          0 
80:     14592          0          0          0          0          0          0          0 
81:-2147480684          0          0          0          0          0          0      65320 
82:  -1867709   -1860598   -1852061   -1843433   -1833765   -1820642   -1806849  -62279295 
83:-1979858530  167639482  167639482  167639482  167639482  167639482  167639482  167639482 
84:   1879109    1860598    1852061    1843433    1833765    1820642    1806849   62213975 
W0:-2147483420          0          0          0          0          0          0          0 
W1:-2147483420          0          0          0          0          0          0          0 
W2:-2147483420          0          0          0          0          0          0          0 
W3:-2147483420          0          0          0          0          0          0          0 
W4:-2147483420          0          0          0          0          0          0          0 
W5:-2147483420          0          0          0          0          0          0          0 
W6:-2147483420          0          0          0          0          0          0          0 
W7:-2147483420          0          0          0          0          0          0          0 
Tile 0 stats:
STAT_N_UNTIED_ENQ            14639990
STAT_N_DEQ_TASK              14639990
STAT_N_COAL_CHILD                   0
STAT_N_OVERFLOW                     0
state:0  167659601    state:1          0    state:2          0    state:3          0    
state:4          0    state:5          0    state:6          0    state:7          0    
Heap enq: 14639990, deq+abort 14639990
Tied_Enq :0, 0
Cum Tasks:   3636530 heap_util:   3634744
avg Tasks:1421.64 heap_util:1420.95
heap enq: 12082879 deq: 12082879 replace:  2557111
cycles deq_valid: 83039393
        num_enq   num_deq othercore   cq_full   no_task     what?  no_ready
 1:     1869533   1865999         0         0   2809378         0         0
 2:     1860598   1856791     53182         0   3080960         0         0
 3:     1852061   1848492    109480         0   3343059         0         0
 4:     1843433   1838859    170533         0   3676038         0         0
 5:     1833765   1827417    234001         0   4013902         0         0
 6:     1820642   1816681    301508         0   4419202         0         0
 7:     1806849   1800974    373232         0   4885168         0         0
 8:     1791209   1784777    449662         0   5382644         0         0
cum CQ stall cycles 0
Completed, flushing cache..
num tasks Tile:0   14639990 Total:  58559960
Tile:0 L2 bank 0
	L2 Read  hits: 64197178 misses:  6512968 
	L2 Write hits:  6017614 misses:      281 
	L2 Evictions :  1323967 
	L2 hit-rate 91.51%
	retry:  stall:        0, not_empty:   270947, count:   153240
	stall_in     :      108
Task Unit Ops 29318080, num_edges 58333344
FPGA cycles 167639482  (1341.115856 ms) (11.450792 cycles/task/tile)
Read BW    1243.29 MB/s
Write BW    252.73 MB/s
L2 Tag contention 49.65%
L2 accesses per task  5.24
Task Unit contention 17.49%
Flush completed, reading results..
vid:23947346 dist:23228284, ref:23228284, MATCH, num_errors: 0
Total Errors 0 / 23947347
